ParentNode    ChildNode    NodeValue
0    0    1 6 7 2 0 5 4 3 8
0    1    1 0 7 2 6 5 4 3 8
0    2    1 6 7 2 3 5 4 0 8
0    3    1 6 7 0 2 5 4 3 8
0    4    1 6 7 2 5 0 4 3 8
1    5    0 1 7 2 6 5 4 3 8
1    6    1 7 0 2 6 5 4 3 8
2    7    1 6 7 2 3 5 0 4 8
2    8    1 6 7 2 3 5 4 8 0
3    9    0 6 7 1 2 5 4 3 8
3    10    1 6 7 4 2 5 0 3 8
4    11    1 6 0 2 5 7 4 3 8
4    12    1 6 7 2 5 8 4 3 0
5    13    2 1 7 0 6 5 4 3 8
6    14    1 7 5 2 6 0 4 3 8
7    15    1 6 7 0 3 5 2 4 8
8    16    1 6 7 2 3 0 4 8 5
9    17    6 0 7 1 2 5 4 3 8
10    18    1 6 7 4 2 5 3 0 8
11    19    1 0 6 2 5 7 4 3 8
12    20    1 6 7 2 5 8 4 0 3
13    21    2 1 7 4 6 5 0 3 8
13    22    2 1 7 6 0 5 4 3 8
14    23    1 7 5 2 6 8 4 3 0
14    24    1 7 5 2 0 6 4 3 8
15    25    0 6 7 1 3 5 2 4 8
15    26    1 6 7 3 0 5 2 4 8
16    27    1 6 0 2 3 7 4 8 5
16    28    1 6 7 2 0 3 4 8 5
17    29    6 2 7 1 0 5 4 3 8
17    30    6 7 0 1 2 5 4 3 8
18    31    1 6 7 4 0 5 3 2 8
18    32    1 6 7 4 2 5 3 8 0
19    33    1 5 6 2 0 7 4 3 8
19    34    0 1 6 2 5 7 4 3 8
20    35    1 6 7 2 0 8 4 5 3
20    36    1 6 7 2 5 8 0 4 3
21    37    2 1 7 4 6 5 3 0 8
22    38    2 0 7 6 1 5 4 3 8
22    39    2 1 7 6 3 5 4 0 8
22    40    2 1 7 6 5 0 4 3 8
23    41    1 7 5 2 6 8 4 0 3
24    42    1 0 5 2 7 6 4 3 8
24    43    1 7 5 2 3 6 4 0 8
24    44    1 7 5 0 2 6 4 3 8
25    45    6 0 7 1 3 5 2 4 8
26    46    1 0 7 3 6 5 2 4 8
26    47    1 6 7 3 4 5 2 0 8
26    48    1 6 7 3 5 0 2 4 8
27    49    1 0 6 2 3 7 4 8 5
28    50    1 0 7 2 6 3 4 8 5
28    51    1 6 7 2 8 3 4 0 5
28    52    1 6 7 0 2 3 4 8 5
29    53    6 2 7 1 3 5 4 0 8
29    54    6 2 7 0 1 5 4 3 8
29    55    6 2 7 1 5 0 4 3 8
30    56    6 7 5 1 2 0 4 3 8
31    57    1 0 7 4 6 5 3 2 8
31    58    1 6 7 0 4 5 3 2 8
31    59    1 6 7 4 5 0 3 2 8
32    60    1 6 7 4 2 0 3 8 5
33    61    1 5 6 2 3 7 4 0 8
33    62    1 5 6 0 2 7 4 3 8
33    63    1 5 6 2 7 0 4 3 8
34    64    2 1 6 0 5 7 4 3 8
35    65    1 0 7 2 6 8 4 5 3
35    66    1 6 7 0 2 8 4 5 3
35    67    1 6 7 2 8 0 4 5 3
36    68    1 6 7 0 5 8 2 4 3
37    69    2 1 7 4 0 5 3 6 8
37    70    2 1 7 4 6 5 3 8 0
38    71    0 2 7 6 1 5 4 3 8
38    72    2 7 0 6 1 5 4 3 8
39    73    2 1 7 6 3 5 0 4 8
39    74    2 1 7 6 3 5 4 8 0
40    75    2 1 0 6 5 7 4 3 8
40    76    2 1 7 6 5 8 4 3 0
41    77    1 7 5 2 0 8 4 6 3
41    78    1 7 5 2 6 8 0 4 3
42    79    0 1 5 2 7 6 4 3 8
42    80    1 5 0 2 7 6 4 3 8
43    81    1 7 5 2 3 6 0 4 8
43    82    1 7 5 2 3 6 4 8 0
44    83    0 7 5 1 2 6 4 3 8
44    84    1 7 5 4 2 6 0 3 8
45    85    6 3 7 1 0 5 2 4 8
45    86    6 7 0 1 3 5 2 4 8
46    87    0 1 7 3 6 5 2 4 8
46    88    1 7 0 3 6 5 2 4 8
47    89    1 6 7 3 4 5 0 2 8
47    90    1 6 7 3 4 5 2 8 0
48    91    1 6 0 3 5 7 2 4 8
48    92    1 6 7 3 5 8 2 4 0
49    93    1 3 6 2 0 7 4 8 5
49    94    0 1 6 2 3 7 4 8 5
50    95    0 1 7 2 6 3 4 8 5
50    96    1 7 0 2 6 3 4 8 5
51    97    1 6 7 2 8 3 0 4 5
51    98    1 6 7 2 8 3 4 5 0
52    99    0 6 7 1 2 3 4 8 5
52    100    1 6 7 4 2 3 0 8 5
53    101    6 2 7 1 3 5 0 4 8
53    102    6 2 7 1 3 5 4 8 0
54    103    6 2 7 4 1 5 0 3 8
55    104    6 2 0 1 5 7 4 3 8
55    105    6 2 7 1 5 8 4 3 0
56    106    6 7 5 1 2 8 4 3 0
56    107    6 7 5 1 0 2 4 3 8
57    108    0 1 7 4 6 5 3 2 8
57    109    1 7 0 4 6 5 3 2 8
58    110    0 6 7 1 4 5 3 2 8
59    111    1 6 0 4 5 7 3 2 8
59    112    1 6 7 4 5 8 3 2 0
60    113    1 6 0 4 2 7 3 8 5
60    114    1 6 7 4 0 2 3 8 5
61    115    1 5 6 2 3 7 0 4 8
61    116    1 5 6 2 3 7 4 8 0
62    117    0 5 6 1 2 7 4 3 8
62    118    1 5 6 4 2 7 0 3 8
63    119    1 5 6 2 7 8 4 3 0
64    120    2 1 6 4 5 7 0 3 8
64    121    2 1 6 5 0 7 4 3 8
65    122    0 1 7 2 6 8 4 5 3
65    123    1 7 0 2 6 8 4 5 3
66    124    0 6 7 1 2 8 4 5 3
66    125    1 6 7 4 2 8 0 5 3
67    126    1 6 0 2 8 7 4 5 3
68    127    0 6 7 1 5 8 2 4 3
68    128    1 6 7 5 0 8 2 4 3
69    129    2 0 7 4 1 5 3 6 8
69    130    2 1 7 0 4 5 3 6 8
69    131    2 1 7 4 5 0 3 6 8
70    132    2 1 7 4 6 0 3 8 5
72    133    2 7 5 6 1 0 4 3 8
73    134    2 1 7 0 3 5 6 4 8
74    135    2 1 7 6 3 0 4 8 5
75    136    2 0 1 6 5 7 4 3 8
76    137    2 1 7 6 5 8 4 0 3
77    138    1 0 5 2 7 8 4 6 3
77    139    1 7 5 0 2 8 4 6 3
77    140    1 7 5 2 8 0 4 6 3
78    141    1 7 5 0 6 8 2 4 3
79    142    2 1 5 0 7 6 4 3 8
81    143    1 7 5 0 3 6 2 4 8
82    144    1 7 5 2 3 0 4 8 6
83    145    7 0 5 1 2 6 4 3 8
84    146    1 7 5 4 2 6 3 0 8
85    147    6 3 7 1 4 5 2 0 8
85    148    6 3 7 0 1 5 2 4 8
85    149    6 3 7 1 5 0 2 4 8
86    150    6 7 5 1 3 0 2 4 8
87    151    3 1 7 0 6 5 2 4 8
88    152    1 7 5 3 6 0 2 4 8
90    153    1 6 7 3 4 0 2 8 5
91    154    1 0 6 3 5 7 2 4 8
92    155    1 6 7 3 5 8 2 0 4
93    156    1 3 6 2 8 7 4 0 5
93    157    1 3 6 0 2 7 4 8 5
93    158    1 3 6 2 7 0 4 8 5
94    159    2 1 6 0 3 7 4 8 5
95    160    2 1 7 0 6 3 4 8 5
96    161    1 7 3 2 6 0 4 8 5
97    162    1 6 7 0 8 3 2 4 5
99    163    6 0 7 1 2 3 4 8 5
100    164    1 6 7 4 2 3 8 0 5
101    165    6 2 7 0 3 5 1 4 8
102    166    6 2 7 1 3 0 4 8 5
103    167    6 2 7 4 1 5 3 0 8
104    168    6 0 2 1 5 7 4 3 8
105    169    6 2 7 1 5 8 4 0 3
106    170    6 7 5 1 2 8 4 0 3
107    171    6 0 5 1 7 2 4 3 8
107    172    6 7 5 1 3 2 4 0 8
107    173    6 7 5 0 1 2 4 3 8
108    174    4 1 7 0 6 5 3 2 8
109    175    1 7 5 4 6 0 3 2 8
110    176    6 0 7 1 4 5 3 2 8
111    177    1 0 6 4 5 7 3 2 8
112    178    1 6 7 4 5 8 3 0 2
113    179    1 0 6 4 2 7 3 8 5
114    180    1 0 7 4 6 2 3 8 5
114    181    1 6 7 4 8 2 3 0 5
114    182    1 6 7 0 4 2 3 8 5
115    183    1 5 6 0 3 7 2 4 8
116    184    1 5 6 2 3 0 4 8 7
117    185    5 0 6 1 2 7 4 3 8
118    186    1 5 6 4 2 7 3 0 8
119    187    1 5 6 2 7 8 4 0 3
120    188    2 1 6 4 5 7 3 0 8
121    189    2 0 6 5 1 7 4 3 8
121    190    2 1 6 5 3 7 4 0 8
121    191    2 1 6 5 7 0 4 3 8
122    192    2 1 7 0 6 8 4 5 3
123    193    1 7 8 2 6 0 4 5 3
124    194    6 0 7 1 2 8 4 5 3
125    195    1 6 7 4 2 8 5 0 3
126    196    1 0 6 2 8 7 4 5 3
127    197    6 0 7 1 5 8 2 4 3
128    198    1 0 7 5 6 8 2 4 3
128    199    1 6 7 5 4 8 2 0 3
128    200    1 6 7 5 8 0 2 4 3
129    201    0 2 7 4 1 5 3 6 8
129    202    2 7 0 4 1 5 3 6 8
130    203    0 1 7 2 4 5 3 6 8
130    204    2 1 7 3 4 5 0 6 8
131    205    2 1 0 4 5 7 3 6 8
131    206    2 1 7 4 5 8 3 6 0
132    207    2 1 0 4 6 7 3 8 5
132    208    2 1 7 4 0 6 3 8 5
133    209    2 7 5 6 1 8 4 3 0
133    210    2 7 5 6 0 1 4 3 8
134    211    0 1 7 2 3 5 6 4 8
134    212    2 1 7 3 0 5 6 4 8
135    213    2 1 0 6 3 7 4 8 5
135    214    2 1 7 6 0 3 4 8 5
136    215    2 5 1 6 0 7 4 3 8
136    216    0 2 1 6 5 7 4 3 8
137    217    2 1 7 6 0 8 4 5 3
137    218    2 1 7 6 5 8 0 4 3
138    219    0 1 5 2 7 8 4 6 3
138    220    1 5 0 2 7 8 4 6 3
139    221    0 7 5 1 2 8 4 6 3
139    222    1 7 5 4 2 8 0 6 3
140    223    1 7 0 2 8 5 4 6 3
140    224    1 7 5 2 8 3 4 6 0
141    225    0 7 5 1 6 8 2 4 3
141    226    1 7 5 6 0 8 2 4 3
142    227    2 1 5 4 7 6 0 3 8
142    228    2 1 5 7 0 6 4 3 8
143    229    0 7 5 1 3 6 2 4 8
143    230    1 7 5 3 0 6 2 4 8
144    231    1 7 0 2 3 5 4 8 6
144    232    1 7 5 2 0 3 4 8 6
145    233    7 2 5 1 0 6 4 3 8
145    234    7 5 0 1 2 6 4 3 8
146    235    1 7 5 4 0 6 3 2 8
146    236    1 7 5 4 2 6 3 8 0
147    237    6 3 7 1 4 5 0 2 8
147    238    6 3 7 1 4 5 2 8 0
148    239    0 3 7 6 1 5 2 4 8
148    240    6 3 7 2 1 5 0 4 8
149    241    6 3 0 1 5 7 2 4 8
149    242    6 3 7 1 5 8 2 4 0
150    243    6 7 5 1 3 8 2 4 0
150    244    6 7 5 1 0 3 2 4 8
151    245    3 1 7 2 6 5 0 4 8
151    246    3 1 7 6 0 5 2 4 8
152    247    1 7 5 3 6 8 2 4 0
153    248    1 6 0 3 4 7 2 8 5
153    249    1 6 7 3 0 4 2 8 5
154    250    1 5 6 3 0 7 2 4 8
154    251    0 1 6 3 5 7 2 4 8
155    252    1 6 7 3 0 8 2 5 4
155    253    1 6 7 3 5 8 0 2 4
156    254    1 3 6 2 8 7 0 4 5
156    255    1 3 6 2 8 7 4 5 0
157    256    0 3 6 1 2 7 4 8 5
157    257    1 3 6 4 2 7 0 8 5
158    258    1 3 0 2 7 6 4 8 5
158    259    1 3 6 2 7 5 4 8 0
159    260    2 1 6 4 3 7 0 8 5
159    261    2 1 6 3 0 7 4 8 5
160    262    2 1 7 4 6 3 0 8 5
161    263    1 7 3 2 6 5 4 8 0
161    264    1 7 3 2 0 6 4 8 5
162    265    0 6 7 1 8 3 2 4 5
162    266    1 6 7 8 0 3 2 4 5
163    267    6 2 7 1 0 3 4 8 5
163    268    6 7 0 1 2 3 4 8 5
164    269    1 6 7 4 0 3 8 2 5
164    270    1 6 7 4 2 3 8 5 0
165    271    0 2 7 6 3 5 1 4 8
165    272    6 2 7 3 0 5 1 4 8
166    273    6 2 0 1 3 7 4 8 5
167    274    6 2 7 4 0 5 3 1 8
167    275    6 2 7 4 1 5 3 8 0
168    276    6 5 2 1 0 7 4 3 8
168    277    0 6 2 1 5 7 4 3 8
169    278    6 2 7 1 0 8 4 5 3
169    279    6 2 7 1 5 8 0 4 3
170    280    6 7 5 1 0 8 4 2 3
170    281    6 7 5 1 2 8 0 4 3
171    282    0 6 5 1 7 2 4 3 8
171    283    6 5 0 1 7 2 4 3 8
172    284    6 7 5 1 3 2 0 4 8
172    285    6 7 5 1 3 2 4 8 0
173    286    0 7 5 6 1 2 4 3 8
173    287    6 7 5 4 1 2 0 3 8
174    288    4 1 7 3 6 5 0 2 8
174    289    4 1 7 6 0 5 3 2 8
175    290    1 7 5 4 6 8 3 2 0
176    291    6 4 7 1 0 5 3 2 8
176    292    6 7 0 1 4 5 3 2 8
177    293    1 5 6 4 0 7 3 2 8
177    294    0 1 6 4 5 7 3 2 8
178    295    1 6 7 4 0 8 3 5 2
178    296    1 6 7 4 5 8 0 3 2
179    297    1 2 6 4 0 7 3 8 5
179    298    0 1 6 4 2 7 3 8 5
180    299    0 1 7 4 6 2 3 8 5
180    300    1 7 0 4 6 2 3 8 5
181    301    1 6 7 4 8 2 0 3 5
181    302    1 6 7 4 8 2 3 5 0
182    303    0 6 7 1 4 2 3 8 5
182    304    1 6 7 3 4 2 0 8 5
183    305    0 5 6 1 3 7 2 4 8
184    306    1 5 0 2 3 6 4 8 7
184    307    1 5 6 2 0 3 4 8 7
185    308    5 2 6 1 0 7 4 3 8
185    309    5 6 0 1 2 7 4 3 8
186    310    1 5 6 4 2 7 3 8 0
187    311    1 5 6 2 0 8 4 7 3
187    312    1 5 6 2 7 8 0 4 3
188    313    2 1 6 4 0 7 3 5 8
188    314    2 1 6 4 5 7 3 8 0
189    315    0 2 6 5 1 7 4 3 8
189    316    2 6 0 5 1 7 4 3 8
190    317    2 1 6 5 3 7 0 4 8
190    318    2 1 6 5 3 7 4 8 0
191    319    2 1 0 5 7 6 4 3 8
191    320    2 1 6 5 7 8 4 3 0
192    321    2 1 7 4 6 8 0 5 3
193    322    1 7 8 2 6 3 4 5 0
193    323    1 7 8 2 0 6 4 5 3
194    324    6 7 0 1 2 8 4 5 3
195    325    1 6 7 4 0 8 5 2 3
195    326    1 6 7 4 2 8 5 3 0
196    327    1 8 6 2 0 7 4 5 3
196    328    0 1 6 2 8 7 4 5 3
197    329    6 5 7 1 0 8 2 4 3
197    330    6 7 0 1 5 8 2 4 3
198    331    0 1 7 5 6 8 2 4 3
198    332    1 7 0 5 6 8 2 4 3
199    333    1 6 7 5 4 8 0 2 3
199    334    1 6 7 5 4 8 2 3 0
200    335    1 6 0 5 8 7 2 4 3
200    336    1 6 7 5 8 3 2 4 0
201    337    4 2 7 0 1 5 3 6 8
202    338    2 7 5 4 1 0 3 6 8
203    339    1 0 7 2 4 5 3 6 8
204    340    2 1 7 3 4 5 6 0 8
205    341    2 0 1 4 5 7 3 6 8
206    342    2 1 7 4 5 8 3 0 6
207    343    2 0 1 4 6 7 3 8 5
208    344    2 0 7 4 1 6 3 8 5
208    345    2 1 7 4 8 6 3 0 5
208    346    2 1 7 0 4 6 3 8 5
209    347    2 7 5 6 1 8 4 0 3
210    348    2 0 5 6 7 1 4 3 8
210    349    2 7 5 6 3 1 4 0 8
210    350    2 7 5 0 6 1 4 3 8
211    351    1 0 7 2 3 5 6 4 8
212    352    2 0 7 3 1 5 6 4 8
212    353    2 1 7 3 5 0 6 4 8
213    354    2 0 1 6 3 7 4 8 5
214    355    2 0 7 6 1 3 4 8 5
214    356    2 1 7 6 8 3 4 0 5
215    357    2 5 1 6 3 7 4 0 8
215    358    2 5 1 0 6 7 4 3 8
215    359    2 5 1 6 7 0 4 3 8
216    360    6 2 1 0 5 7 4 3 8
217    361    2 0 7 6 1 8 4 5 3
217    362    2 1 7 6 8 0 4 5 3
218    363    2 1 7 0 5 8 6 4 3
219    364    2 1 5 0 7 8 4 6 3
220    365    1 5 8 2 7 0 4 6 3
221    366    7 0 5 1 2 8 4 6 3
222    367    1 7 5 4 2 8 6 0 3
223    368    1 0 7 2 8 5 4 6 3
224    369    1 7 5 2 8 3 4 0 6
225    370    7 0 5 1 6 8 2 4 3
226    371    1 0 5 6 7 8 2 4 3
226    372    1 7 5 6 4 8 2 0 3
226    373    1 7 5 6 8 0 2 4 3
227    374    2 1 5 4 7 6 3 0 8
228    375    2 0 5 7 1 6 4 3 8
228    376    2 1 5 7 3 6 4 0 8
228    377    2 1 5 7 6 0 4 3 8
229    378    7 0 5 1 3 6 2 4 8
230    379    1 0 5 3 7 6 2 4 8
230    380    1 7 5 3 4 6 2 0 8
231    381    1 0 7 2 3 5 4 8 6
232    382    1 0 5 2 7 3 4 8 6
232    383    1 7 5 0 2 3 4 8 6
233    384    7 2 5 1 3 6 4 0 8
233    385    7 2 5 0 1 6 4 3 8
233    386    7 2 5 1 6 0 4 3 8
234    387    7 5 6 1 2 0 4 3 8
235    388    1 0 5 4 7 6 3 2 8
235    389    1 7 5 0 4 6 3 2 8
236    390    1 7 5 4 2 0 3 8 6
237    391    6 3 7 0 4 5 1 2 8
238    392    6 3 7 1 4 0 2 8 5
239    393    3 0 7 6 1 5 2 4 8
240    394    6 3 7 2 1 5 4 0 8
241    395    6 0 3 1 5 7 2 4 8
242    396    6 3 7 1 5 8 2 0 4
243    397    6 7 5 1 3 8 2 0 4
244    398    6 0 5 1 7 3 2 4 8
244    399    6 7 5 1 4 3 2 0 8
244    400    6 7 5 0 1 3 2 4 8
245    401    3 1 7 2 6 5 4 0 8
246    402    3 1 7 6 4 5 2 0 8
246    403    3 1 7 6 5 0 2 4 8
247    404    1 7 5 3 6 8 2 0 4
248    405    1 0 6 3 4 7 2 8 5
249    406    1 0 7 3 6 4 2 8 5
249    407    1 6 7 3 8 4 2 0 5
249    408    1 6 7 0 3 4 2 8 5
250    409    1 5 6 3 4 7 2 0 8
250    410    1 5 6 3 7 0 2 4 8
251    411    3 1 6 0 5 7 2 4 8
252    412    1 0 7 3 6 8 2 5 4
252    413    1 6 7 0 3 8 2 5 4
252    414    1 6 7 3 8 0 2 5 4
253    415    1 6 7 0 5 8 3 2 4
254    416    1 3 6 0 8 7 2 4 5
255    417    1 3 6 2 8 0 4 5 7
256    418    3 0 6 1 2 7 4 8 5
257    419    1 3 6 4 2 7 8 0 5
258    420    1 0 3 2 7 6 4 8 5
259    421    1 3 6 2 7 5 4 0 8
260    422    2 1 6 4 3 7 8 0 5
261    423    2 0 6 3 1 7 4 8 5
261    424    2 1 6 3 8 7 4 0 5
261    425    2 1 6 3 7 0 4 8 5
262    426    2 1 7 4 6 3 8 0 5
263    427    1 7 3 2 6 5 4 0 8
264    428    1 7 3 2 8 6 4 0 5
264    429    1 7 3 0 2 6 4 8 5
265    430    6 0 7 1 8 3 2 4 5
266    431    1 0 7 8 6 3 2 4 5
266    432    1 6 7 8 4 3 2 0 5
266    433    1 6 7 8 3 0 2 4 5
267    434    6 2 7 1 8 3 4 0 5
267    435    6 2 7 0 1 3 4 8 5
268    436    6 7 3 1 2 0 4 8 5
269    437    1 0 7 4 6 3 8 2 5
269    438    1 6 7 0 4 3 8 2 5
269    439    1 6 7 4 3 0 8 2 5
270    440    1 6 7 4 2 0 8 5 3
271    441    2 0 7 6 3 5 1 4 8
272    442    6 0 7 3 2 5 1 4 8
272    443    6 2 7 3 4 5 1 0 8
272    444    6 2 7 3 5 0 1 4 8
273    445    6 0 2 1 3 7 4 8 5
274    446    6 0 7 4 2 5 3 1 8
274    447    6 2 7 0 4 5 3 1 8
274    448    6 2 7 4 5 0 3 1 8
275    449    6 2 7 4 1 0 3 8 5
276    450    6 5 2 1 3 7 4 0 8
276    451    6 5 2 0 1 7 4 3 8
276    452    6 5 2 1 7 0 4 3 8
277    453    1 6 2 0 5 7 4 3 8
278    454    6 2 7 0 1 8 4 5 3
278    455    6 2 7 1 8 0 4 5 3
279    456    6 2 7 0 5 8 1 4 3
280    457    6 0 5 1 7 8 4 2 3
280    458    6 7 5 0 1 8 4 2 3
280    459    6 7 5 1 8 0 4 2 3
281    460    6 7 5 0 2 8 1 4 3
282    461    1 6 5 0 7 2 4 3 8
284    462    6 7 5 0 3 2 1 4 8
285    463    6 7 5 1 3 0 4 8 2
286    464    7 0 5 6 1 2 4 3 8
287    465    6 7 5 4 1 2 3 0 8
288    466    4 1 7 3 6 5 2 0 8
289    467    4 0 7 6 1 5 3 2 8
289    468    4 1 7 6 2 5 3 0 8
289    469    4 1 7 6 5 0 3 2 8
290    470    1 7 5 4 6 8 3 0 2
291    471    6 4 7 1 2 5 3 0 8
291    472    6 4 7 0 1 5 3 2 8
291    473    6 4 7 1 5 0 3 2 8
292    474    6 7 5 1 4 0 3 2 8
293    475    1 5 6 0 4 7 3 2 8
293    476    1 5 6 4 7 0 3 2 8
294    477    4 1 6 0 5 7 3 2 8
295    478    1 0 7 4 6 8 3 5 2
295    479    1 6 7 0 4 8 3 5 2
295    480    1 6 7 4 8 0 3 5 2
296    481    1 6 7 0 5 8 4 3 2
297    482    1 2 6 4 8 7 3 0 5
297    483    1 2 6 0 4 7 3 8 5
297    484    1 2 6 4 7 0 3 8 5
298    485    4 1 6 0 2 7 3 8 5
299    486    4 1 7 0 6 2 3 8 5
300    487    1 7 2 4 6 0 3 8 5
301    488    1 6 7 0 8 2 4 3 5
303    489    6 0 7 1 4 2 3 8 5
304    490    1 6 7 3 4 2 8 0 5
305    491    5 0 6 1 3 7 2 4 8
306    492    1 0 5 2 3 6 4 8 7
307    493    1 0 6 2 5 3 4 8 7
307    494    1 5 6 2 8 3 4 0 7
307    495    1 5 6 0 2 3 4 8 7
308    496    5 2 6 1 3 7 4 0 8
308    497    5 2 6 0 1 7 4 3 8
308    498    5 2 6 1 7 0 4 3 8
309    499    5 6 7 1 2 0 4 3 8
310    500    1 5 6 4 2 0 3 8 7
311    501    1 0 6 2 5 8 4 7 3
311    502    1 5 6 0 2 8 4 7 3
311    503    1 5 6 2 8 0 4 7 3
312    504    1 5 6 0 7 8 2 4 3
313    505    2 0 6 4 1 7 3 5 8
313    506    2 1 6 0 4 7 3 5 8
313    507    2 1 6 4 7 0 3 5 8
314    508    2 1 6 4 5 0 3 8 7
316    509    2 6 7 5 1 0 4 3 8
317    510    2 1 6 0 3 7 5 4 8
318    511    2 1 6 5 3 0 4 8 7
319    512    2 0 1 5 7 6 4 3 8
320    513    2 1 6 5 7 8 4 0 3
321    514    2 1 7 4 6 8 5 0 3
322    515    1 7 8 2 6 3 4 0 5
323    516    1 0 8 2 7 6 4 5 3
323    517    1 7 8 2 5 6 4 0 3
323    518    1 7 8 0 2 6 4 5 3
324    519    6 7 8 1 2 0 4 5 3
325    520    1 0 7 4 6 8 5 2 3
325    521    1 6 7 0 4 8 5 2 3
325    522    1 6 7 4 8 0 5 2 3
326    523    1 6 7 4 2 0 5 3 8
327    524    1 8 6 2 5 7 4 0 3
327    525    1 8 6 0 2 7 4 5 3
327    526    1 8 6 2 7 0 4 5 3
328    527    2 1 6 0 8 7 4 5 3
329    528    6 5 7 1 4 8 2 0 3
329    529    6 5 7 0 1 8 2 4 3
329    530    6 5 7 1 8 0 2 4 3
330    531    6 7 8 1 5 0 2 4 3
331    532    5 1 7 0 6 8 2 4 3
332    533    1 7 8 5 6 0 2 4 3
334    534    1 6 7 5 4 0 2 3 8
335    535    1 0 6 5 8 7 2 4 3
336    536    1 6 7 5 8 3 2 0 4
337    537    4 2 7 3 1 5 0 6 8
337    538    4 2 7 1 0 5 3 6 8
338    539    2 7 5 4 1 8 3 6 0
338    540    2 7 5 4 0 1 3 6 8
339    541    1 4 7 2 0 5 3 6 8
339    542    1 7 0 2 4 5 3 6 8
340    543    2 1 7 3 4 5 6 8 0
341    544    2 5 1 4 0 7 3 6 8
341    545    0 2 1 4 5 7 3 6 8
342    546    2 1 7 4 0 8 3 5 6
342    547    2 1 7 4 5 8 0 3 6
343    548    2 6 1 4 0 7 3 8 5
343    549    0 2 1 4 6 7 3 8 5
344    550    0 2 7 4 1 6 3 8 5
344    551    2 7 0 4 1 6 3 8 5
345    552    2 1 7 4 8 6 0 3 5
345    553    2 1 7 4 8 6 3 5 0
346    554    0 1 7 2 4 6 3 8 5
346    555    2 1 7 3 4 6 0 8 5
347    556    2 7 5 6 0 8 4 1 3
347    557    2 7 5 6 1 8 0 4 3
348    558    0 2 5 6 7 1 4 3 8
348    559    2 5 0 6 7 1 4 3 8
349    560    2 7 5 6 3 1 0 4 8
349    561    2 7 5 6 3 1 4 8 0
350    562    0 7 5 2 6 1 4 3 8
350    563    2 7 5 4 6 1 0 3 8
351    564    1 3 7 2 0 5 6 4 8
351    565    1 7 0 2 3 5 6 4 8
352    566    0 2 7 3 1 5 6 4 8
352    567    2 7 0 3 1 5 6 4 8
353    568    2 1 0 3 5 7 6 4 8
353    569    2 1 7 3 5 8 6 4 0
354    570    2 3 1 6 0 7 4 8 5
354    571    0 2 1 6 3 7 4 8 5
355    572    0 2 7 6 1 3 4 8 5
355    573    2 7 0 6 1 3 4 8 5
356    574    2 1 7 6 8 3 0 4 5
356    575    2 1 7 6 8 3 4 5 0
357    576    2 5 1 6 3 7 0 4 8
357    577    2 5 1 6 3 7 4 8 0
358    578    0 5 1 2 6 7 4 3 8
358    579    2 5 1 4 6 7 0 3 8
359    580    2 5 1 6 7 8 4 3 0
360    581    6 2 1 4 5 7 0 3 8
360    582    6 2 1 5 0 7 4 3 8
361    583    0 2 7 6 1 8 4 5 3
361    584    2 7 0 6 1 8 4 5 3
362    585    2 1 0 6 8 7 4 5 3
363    586    0 1 7 2 5 8 6 4 3
363    587    2 1 7 5 0 8 6 4 3
364    588    2 1 5 4 7 8 0 6 3
364    589    2 1 5 7 0 8 4 6 3
365    590    1 5 8 2 7 3 4 6 0
365    591    1 5 8 2 0 7 4 6 3
366    592    7 2 5 1 0 8 4 6 3
366    593    7 5 0 1 2 8 4 6 3
367    594    1 7 5 4 0 8 6 2 3
367    595    1 7 5 4 2 8 6 3 0
368    596    1 8 7 2 0 5 4 6 3
368    597    0 1 7 2 8 5 4 6 3
369    598    1 7 5 2 8 3 0 4 6
370    599    7 6 5 1 0 8 2 4 3
370    600    7 5 0 1 6 8 2 4 3
371    601    0 1 5 6 7 8 2 4 3
371    602    1 5 0 6 7 8 2 4 3
372    603    1 7 5 6 4 8 0 2 3
372    604    1 7 5 6 4 8 2 3 0
373    605    1 7 0 6 8 5 2 4 3
373    606    1 7 5 6 8 3 2 4 0
374    607    2 1 5 4 0 6 3 7 8
374    608    2 1 5 4 7 6 3 8 0
375    609    0 2 5 7 1 6 4 3 8
375    610    2 5 0 7 1 6 4 3 8
376    611    2 1 5 7 3 6 0 4 8
376    612    2 1 5 7 3 6 4 8 0
377    613    2 1 0 7 6 5 4 3 8
377    614    2 1 5 7 6 8 4 3 0
378    615    7 3 5 1 0 6 2 4 8
378    616    7 5 0 1 3 6 2 4 8
379    617    0 1 5 3 7 6 2 4 8
379    618    1 5 0 3 7 6 2 4 8
380    619    1 7 5 3 4 6 0 2 8
380    620    1 7 5 3 4 6 2 8 0
381    621    1 3 7 2 0 5 4 8 6
381    622    0 1 7 2 3 5 4 8 6
382    623    0 1 5 2 7 3 4 8 6
382    624    1 5 0 2 7 3 4 8 6
383    625    0 7 5 1 2 3 4 8 6
383    626    1 7 5 4 2 3 0 8 6
384    627    7 2 5 1 3 6 0 4 8
384    628    7 2 5 1 3 6 4 8 0
385    629    7 2 5 4 1 6 0 3 8
386    630    7 2 0 1 6 5 4 3 8
386    631    7 2 5 1 6 8 4 3 0
387    632    7 5 6 1 2 8 4 3 0
387    633    7 5 6 1 0 2 4 3 8
388    634    0 1 5 4 7 6 3 2 8
388    635    1 5 0 4 7 6 3 2 8
389    636    0 7 5 1 4 6 3 2 8
390    637    1 7 0 4 2 5 3 8 6
390    638    1 7 5 4 0 2 3 8 6
391    639    0 3 7 6 4 5 1 2 8
391    640    6 3 7 4 0 5 1 2 8
392    641    6 3 0 1 4 7 2 8 5
392    642    6 3 7 1 0 4 2 8 5
393    643    3 7 0 6 1 5 2 4 8
394    644    6 3 7 2 0 5 4 1 8
394    645    6 3 7 2 1 5 4 8 0
395    646    6 5 3 1 0 7 2 4 8
395    647    0 6 3 1 5 7 2 4 8
396    648    6 3 7 1 0 8 2 5 4
396    649    6 3 7 1 5 8 0 2 4
397    650    6 7 5 1 0 8 2 3 4
397    651    6 7 5 1 3 8 0 2 4
398    652    0 6 5 1 7 3 2 4 8
398    653    6 5 0 1 7 3 2 4 8
399    654    6 7 5 1 4 3 0 2 8
399    655    6 7 5 1 4 3 2 8 0
400    656    0 7 5 6 1 3 2 4 8
400    657    6 7 5 2 1 3 0 4 8
401    658    3 1 7 2 0 5 4 6 8
401    659    3 1 7 2 6 5 4 8 0
402    660    3 1 7 6 4 5 0 2 8
402    661    3 1 7 6 4 5 2 8 0
403    662    3 1 0 6 5 7 2 4 8
403    663    3 1 7 6 5 8 2 4 0
404    664    1 7 5 3 0 8 2 6 4
404    665    1 7 5 3 6 8 0 2 4
405    666    1 4 6 3 0 7 2 8 5
405    667    0 1 6 3 4 7 2 8 5
406    668    0 1 7 3 6 4 2 8 5
406    669    1 7 0 3 6 4 2 8 5
407    670    1 6 7 3 8 4 0 2 5
407    671    1 6 7 3 8 4 2 5 0
408    672    0 6 7 1 3 4 2 8 5
408    673    1 6 7 2 3 4 0 8 5
409    674    1 5 6 3 4 7 0 2 8
409    675    1 5 6 3 4 7 2 8 0
410    676    1 5 6 3 7 8 2 4 0
411    677    3 1 6 2 5 7 0 4 8
411    678    3 1 6 5 0 7 2 4 8
412    679    0 1 7 3 6 8 2 5 4
412    680    1 7 0 3 6 8 2 5 4
413    681    0 6 7 1 3 8 2 5 4
413    682    1 6 7 2 3 8 0 5 4
414    683    1 6 0 3 8 7 2 5 4
415    684    0 6 7 1 5 8 3 2 4
415    685    1 6 7 5 0 8 3 2 4
416    686    0 3 6 1 8 7 2 4 5
416    687    1 3 6 8 0 7 2 4 5
417    688    1 3 0 2 8 6 4 5 7
417    689    1 3 6 2 0 8 4 5 7
418    690    3 2 6 1 0 7 4 8 5
418    691    3 6 0 1 2 7 4 8 5
419    692    1 3 6 4 0 7 8 2 5
419    693    1 3 6 4 2 7 8 5 0
420    694    0 1 3 2 7 6 4 8 5
421    695    1 3 6 2 0 5 4 7 8
421    696    1 3 6 2 7 5 0 4 8
422    697    2 1 6 4 0 7 8 3 5
422    698    2 1 6 4 3 7 8 5 0
423    699    0 2 6 3 1 7 4 8 5
423    700    2 6 0 3 1 7 4 8 5
424    701    2 1 6 3 8 7 0 4 5
424    702    2 1 6 3 8 7 4 5 0
425    703    2 1 0 3 7 6 4 8 5
425    704    2 1 6 3 7 5 4 8 0
426    705    2 1 7 4 0 3 8 6 5
426    706    2 1 7 4 6 3 8 5 0
427    707    1 7 3 2 0 5 4 6 8
427    708    1 7 3 2 6 5 0 4 8
428    709    1 7 3 2 8 6 0 4 5
428    710    1 7 3 2 8 6 4 5 0
429    711    0 7 3 1 2 6 4 8 5
429    712    1 7 3 4 2 6 0 8 5
430    713    6 8 7 1 0 3 2 4 5
430    714    6 7 0 1 8 3 2 4 5
431    715    0 1 7 8 6 3 2 4 5
431    716    1 7 0 8 6 3 2 4 5
432    717    1 6 7 8 4 3 0 2 5
432    718    1 6 7 8 4 3 2 5 0
433    719    1 6 0 8 3 7 2 4 5
433    720    1 6 7 8 3 5 2 4 0
434    721    6 2 7 1 8 3 0 4 5
434    722    6 2 7 1 8 3 4 5 0
435    723    6 2 7 4 1 3 0 8 5
436    724    6 7 3 1 2 5 4 8 0
436    725    6 7 3 1 0 2 4 8 5
437    726    0 1 7 4 6 3 8 2 5
437    727    1 7 0 4 6 3 8 2 5
438    728    0 6 7 1 4 3 8 2 5
439    729    1 6 0 4 3 7 8 2 5
439    730    1 6 7 4 3 5 8 2 0
440    731    1 6 0 4 2 7 8 5 3
440    732    1 6 7 4 0 2 8 5 3
441    733    2 3 7 6 0 5 1 4 8
441    734    2 7 0 6 3 5 1 4 8
442    735    0 6 7 3 2 5 1 4 8
442    736    6 7 0 3 2 5 1 4 8
443    737    6 2 7 3 4 5 0 1 8
443    738    6 2 7 3 4 5 1 8 0
444    739    6 2 0 3 5 7 1 4 8
444    740    6 2 7 3 5 8 1 4 0
445    741    6 3 2 1 0 7 4 8 5
445    742    0 6 2 1 3 7 4 8 5
446    743    0 6 7 4 2 5 3 1 8
446    744    6 7 0 4 2 5 3 1 8
447    745    0 2 7 6 4 5 3 1 8
448    746    6 2 0 4 5 7 3 1 8
448    747    6 2 7 4 5 8 3 1 0
449    748    6 2 0 4 1 7 3 8 5
449    749    6 2 7 4 0 1 3 8 5
450    750    6 5 2 1 3 7 0 4 8
450    751    6 5 2 1 3 7 4 8 0
451    752    0 5 2 6 1 7 4 3 8
451    753    6 5 2 4 1 7 0 3 8
452    754    6 5 2 1 7 8 4 3 0
453    755    1 6 2 4 5 7 0 3 8
453    756    1 6 2 5 0 7 4 3 8
454    757    6 2 7 4 1 8 0 5 3
455    758    6 2 0 1 8 7 4 5 3
456    759    0 2 7 6 5 8 1 4 3
456    760    6 2 7 5 0 8 1 4 3
457    761    0 6 5 1 7 8 4 2 3
457    762    6 5 0 1 7 8 4 2 3
458    763    0 7 5 6 1 8 4 2 3
458    764    6 7 5 4 1 8 0 2 3
459    765    6 7 0 1 8 5 4 2 3
459    766    6 7 5 1 8 3 4 2 0
460    767    0 7 5 6 2 8 1 4 3
460    768    6 7 5 2 0 8 1 4 3
461    769    1 6 5 4 7 2 0 3 8
461    770    1 6 5 7 0 2 4 3 8
462    771    0 7 5 6 3 2 1 4 8
462    772    6 7 5 3 0 2 1 4 8
463    773    6 7 0 1 3 5 4 8 2
463    774    6 7 5 1 0 3 4 8 2
464    775    7 1 5 6 0 2 4 3 8
464    776    7 5 0 6 1 2 4 3 8
465    777    6 7 5 4 0 2 3 1 8
465    778    6 7 5 4 1 2 3 8 0
466    779    4 1 7 3 0 5 2 6 8
466    780    4 1 7 3 6 5 2 8 0
467    781    0 4 7 6 1 5 3 2 8
467    782    4 7 0 6 1 5 3 2 8
468    783    4 1 7 6 2 5 0 3 8
468    784    4 1 7 6 2 5 3 8 0
469    785    4 1 0 6 5 7 3 2 8
469    786    4 1 7 6 5 8 3 2 0
470    787    1 7 5 4 0 8 3 6 2
470    788    1 7 5 4 6 8 0 3 2
471    789    6 4 7 1 2 5 0 3 8
471    790    6 4 7 1 2 5 3 8 0
472    791    6 4 7 3 1 5 0 2 8
473    792    6 4 0 1 5 7 3 2 8
473    793    6 4 7 1 5 8 3 2 0
474    794    6 7 5 1 4 8 3 2 0
474    795    6 7 5 1 0 4 3 2 8
475    796    0 5 6 1 4 7 3 2 8
476    797    1 5 6 4 7 8 3 2 0
477    798    4 1 6 3 5 7 0 2 8
477    799    4 1 6 5 0 7 3 2 8
478    800    0 1 7 4 6 8 3 5 2
478    801    1 7 0 4 6 8 3 5 2
479    802    0 6 7 1 4 8 3 5 2
479    803    1 6 7 3 4 8 0 5 2
480    804    1 6 0 4 8 7 3 5 2
481    805    0 6 7 1 5 8 4 3 2
481    806    1 6 7 5 0 8 4 3 2
482    807    1 2 6 4 8 7 0 3 5
482    808    1 2 6 4 8 7 3 5 0
483    809    0 2 6 1 4 7 3 8 5
483    810    1 2 6 3 4 7 0 8 5
484    811    1 2 0 4 7 6 3 8 5
484    812    1 2 6 4 7 5 3 8 0
485    813    4 1 6 3 2 7 0 8 5
485    814    4 1 6 2 0 7 3 8 5
486    815    4 1 7 3 6 2 0 8 5
486    816    4 1 7 6 0 2 3 8 5
487    817    1 7 2 4 6 5 3 8 0
487    818    1 7 2 4 0 6 3 8 5
488    819    0 6 7 1 8 2 4 3 5
488    820    1 6 7 8 0 2 4 3 5
489    821    6 4 7 1 0 2 3 8 5
489    822    6 7 0 1 4 2 3 8 5
490    823    1 6 7 3 0 2 8 4 5
490    824    1 6 7 3 4 2 8 5 0
491    825    5 3 6 1 0 7 2 4 8
491    826    5 6 0 1 3 7 2 4 8
492    827    1 3 5 2 0 6 4 8 7
492    828    0 1 5 2 3 6 4 8 7
493    829    0 1 6 2 5 3 4 8 7
493    830    1 6 0 2 5 3 4 8 7
494    831    1 5 6 2 8 3 0 4 7
494    832    1 5 6 2 8 3 4 7 0
495    833    0 5 6 1 2 3 4 8 7
495    834    1 5 6 4 2 3 0 8 7
496    835    5 2 6 1 3 7 0 4 8
496    836    5 2 6 1 3 7 4 8 0
497    837    5 2 6 4 1 7 0 3 8
498    838    5 2 0 1 7 6 4 3 8
498    839    5 2 6 1 7 8 4 3 0
499    840    5 6 7 1 2 8 4 3 0
499    841    5 6 7 1 0 2 4 3 8
500    842    1 5 0 4 2 6 3 8 7
500    843    1 5 6 4 0 2 3 8 7
501    844    0 1 6 2 5 8 4 7 3
501    845    1 6 0 2 5 8 4 7 3
502    846    0 5 6 1 2 8 4 7 3
502    847    1 5 6 4 2 8 0 7 3
503    848    1 5 0 2 8 6 4 7 3
504    849    0 5 6 1 7 8 2 4 3
504    850    1 5 6 7 0 8 2 4 3
505    851    0 2 6 4 1 7 3 5 8
505    852    2 6 0 4 1 7 3 5 8
506    853    0 1 6 2 4 7 3 5 8
506    854    2 1 6 3 4 7 0 5 8
507    855    2 1 0 4 7 6 3 5 8
507    856    2 1 6 4 7 8 3 5 0
508    857    2 1 0 4 5 6 3 8 7
508    858    2 1 6 4 0 5 3 8 7
509    859    2 6 7 5 1 8 4 3 0
509    860    2 6 7 5 0 1 4 3 8
510    861    0 1 6 2 3 7 5 4 8
510    862    2 1 6 3 0 7 5 4 8
511    863    2 1 0 5 3 6 4 8 7
511    864    2 1 6 5 0 3 4 8 7
512    865    2 7 1 5 0 6 4 3 8
512    866    0 2 1 5 7 6 4 3 8
513    867    2 1 6 5 0 8 4 7 3
513    868    2 1 6 5 7 8 0 4 3
514    869    2 1 7 4 0 8 5 6 3
514    870    2 1 7 4 6 8 5 3 0
515    871    1 7 8 2 0 3 4 6 5
515    872    1 7 8 2 6 3 0 4 5
516    873    0 1 8 2 7 6 4 5 3
516    874    1 8 0 2 7 6 4 5 3
517    875    1 7 8 2 5 6 0 4 3
517    876    1 7 8 2 5 6 4 3 0
518    877    0 7 8 1 2 6 4 5 3
518    878    1 7 8 4 2 6 0 5 3
519    879    6 7 8 1 2 3 4 5 0
519    880    6 7 8 1 0 2 4 5 3
520    881    0 1 7 4 6 8 5 2 3
520    882    1 7 0 4 6 8 5 2 3
521    883    0 6 7 1 4 8 5 2 3
522    884    1 6 0 4 8 7 5 2 3
522    885    1 6 7 4 8 3 5 2 0
523    886    1 6 0 4 2 7 5 3 8
523    887    1 6 7 4 0 2 5 3 8
524    888    1 8 6 2 5 7 0 4 3
524    889    1 8 6 2 5 7 4 3 0
525    890    0 8 6 1 2 7 4 5 3
525    891    1 8 6 4 2 7 0 5 3
526    892    1 8 6 2 7 3 4 5 0
527    893    2 1 6 4 8 7 0 5 3
527    894    2 1 6 8 0 7 4 5 3
528    895    6 5 7 1 4 8 0 2 3
528    896    6 5 7 1 4 8 2 3 0
529    897    0 5 7 6 1 8 2 4 3
529    898    6 5 7 2 1 8 0 4 3
530    899    6 5 0 1 8 7 2 4 3
530    900    6 5 7 1 8 3 2 4 0
531    901    6 7 8 1 5 3 2 4 0
531    902    6 7 8 1 0 5 2 4 3
532    903    5 1 7 2 6 8 0 4 3
532    904    5 1 7 6 0 8 2 4 3
533    905    1 7 8 5 6 3 2 4 0
533    906    1 7 8 5 0 6 2 4 3
534    907    1 6 0 5 4 7 2 3 8
534    908    1 6 7 5 0 4 2 3 8
535    909    1 8 6 5 0 7 2 4 3
535    910    0 1 6 5 8 7 2 4 3
536    911    1 6 7 5 0 3 2 8 4
536    912    1 6 7 5 8 3 0 2 4
537    913    4 2 7 3 1 5 6 0 8
538    914    4 0 7 1 2 5 3 6 8
538    915    4 2 7 1 6 5 3 0 8
538    916    4 2 7 1 5 0 3 6 8
539    917    2 7 5 4 1 8 3 0 6
540    918    2 0 5 4 7 1 3 6 8
540    919    2 7 5 4 6 1 3 0 8
540    920    2 7 5 0 4 1 3 6 8
541    921    1 4 7 2 6 5 3 0 8
541    922    1 4 7 0 2 5 3 6 8
541    923    1 4 7 2 5 0 3 6 8
542    924    1 7 5 2 4 0 3 6 8
543    925    2 1 7 3 4 0 6 8 5
544    926    2 5 1 4 6 7 3 0 8
544    927    2 5 1 0 4 7 3 6 8
544    928    2 5 1 4 7 0 3 6 8
545    929    4 2 1 0 5 7 3 6 8
546    930    2 0 7 4 1 8 3 5 6
546    931    2 1 7 0 4 8 3 5 6
546    932    2 1 7 4 8 0 3 5 6
547    933    2 1 7 0 5 8 4 3 6
548    934    2 6 1 4 8 7 3 0 5
548    935    2 6 1 0 4 7 3 8 5
548    936    2 6 1 4 7 0 3 8 5
549    937    4 2 1 0 6 7 3 8 5
550    938    4 2 7 0 1 6 3 8 5
551    939    2 7 6 4 1 0 3 8 5
552    940    2 1 7 0 8 6 4 3 5
554    941    1 0 7 2 4 6 3 8 5
555    942    2 1 7 3 4 6 8 0 5
556    943    2 0 5 6 7 8 4 1 3
556    944    2 7 5 0 6 8 4 1 3
556    945    2 7 5 6 8 0 4 1 3
557    946    2 7 5 0 1 8 6 4 3
558    947    6 2 5 0 7 1 4 3 8
560    948    2 7 5 0 3 1 6 4 8
561    949    2 7 5 6 3 0 4 8 1
562    950    7 0 5 2 6 1 4 3 8
564    951    1 3 7 2 4 5 6 0 8
564    952    1 3 7 0 2 5 6 4 8
564    953    1 3 7 2 5 0 6 4 8
565    954    1 7 5 2 3 0 6 4 8
566    955    3 2 7 0 1 5 6 4 8
567    956    2 7 5 3 1 0 6 4 8
568    957    2 0 1 3 5 7 6 4 8
569    958    2 1 7 3 5 8 6 0 4
570    959    2 3 1 6 8 7 4 0 5
570    960    2 3 1 0 6 7 4 8 5
570    961    2 3 1 6 7 0 4 8 5
571    962    6 2 1 0 3 7 4 8 5
573    963    2 7 3 6 1 0 4 8 5
574    964    2 1 7 0 8 3 6 4 5
576    965    2 5 1 0 3 7 6 4 8
577    966    2 5 1 6 3 0 4 8 7
578    967    5 0 1 2 6 7 4 3 8
580    968    2 5 1 6 7 8 4 0 3
581    969    6 2 1 4 5 7 3 0 8
582    970    6 0 1 5 2 7 4 3 8
582    971    6 2 1 5 3 7 4 0 8
582    972    6 2 1 5 7 0 4 3 8
584    973    2 7 8 6 1 0 4 5 3
585    974    2 0 1 6 8 7 4 5 3
586    975    1 0 7 2 5 8 6 4 3
587    976    2 0 7 5 1 8 6 4 3
587    977    2 1 7 5 4 8 6 0 3
587    978    2 1 7 5 8 0 6 4 3
588    979    2 1 5 4 7 8 6 0 3
589    980    2 0 5 7 1 8 4 6 3
589    981    2 1 5 7 6 8 4 0 3
589    982    2 1 5 7 8 0 4 6 3
590    983    1 5 8 2 7 3 4 0 6
591    984    1 0 8 2 5 7 4 6 3
591    985    1 5 8 2 6 7 4 0 3
591    986    1 5 8 0 2 7 4 6 3
592    987    7 2 5 1 6 8 4 0 3
592    988    7 2 5 0 1 8 4 6 3
592    989    7 2 5 1 8 0 4 6 3
593    990    7 5 8 1 2 0 4 6 3
594    991    1 0 5 4 7 8 6 2 3
594    992    1 7 5 0 4 8 6 2 3
594    993    1 7 5 4 8 0 6 2 3
595    994    1 7 5 4 2 0 6 3 8
596    995    1 8 7 2 6 5 4 0 3
596    996    1 8 7 0 2 5 4 6 3
596    997    1 8 7 2 5 0 4 6 3
597    998    2 1 7 0 8 5 4 6 3
598    999    1 7 5 0 8 3 2 4 6
599    1000    7 6 5 1 4 8 2 0 3
599    1001    7 6 5 0 1 8 2 4 3
599    1002    7 6 5 1 8 0 2 4 3
600    1003    7 5 8 1 6 0 2 4 3
601    1004    6 1 5 0 7 8 2 4 3
602    1005    1 5 8 6 7 0 2 4 3
604    1006    1 7 5 6 4 0 2 3 8
605    1007    1 0 7 6 8 5 2 4 3
606    1008    1 7 5 6 8 3 2 0 4
607    1009    2 0 5 4 1 6 3 7 8
607    1010    2 1 5 0 4 6 3 7 8
607    1011    2 1 5 4 6 0 3 7 8
608    1012    2 1 5 4 7 0 3 8 6
610    1013    2 5 6 7 1 0 4 3 8
611    1014    2 1 5 0 3 6 7 4 8
612    1015    2 1 5 7 3 0 4 8 6
613    1016    2 0 1 7 6 5 4 3 8
615    1017    7 3 5 1 4 6 2 0 8
615    1018    7 3 5 0 1 6 2 4 8
615    1019    7 3 5 1 6 0 2 4 8
616    1020    7 5 6 1 3 0 2 4 8
617    1021    3 1 5 0 7 6 2 4 8
620    1022    1 7 5 3 4 0 2 8 6
621    1023    1 3 7 2 8 5 4 0 6
621    1024    1 3 7 0 2 5 4 8 6
621    1025    1 3 7 2 5 0 4 8 6
622    1026    2 1 7 0 3 5 4 8 6
623    1027    2 1 5 0 7 3 4 8 6
624    1028    1 5 3 2 7 0 4 8 6
625    1029    7 0 5 1 2 3 4 8 6
626    1030    1 7 5 4 2 3 8 0 6
627    1031    7 2 5 0 3 6 1 4 8
628    1032    7 2 5 1 3 0 4 8 6
629    1033    7 2 5 4 1 6 3 0 8
630    1034    7 0 2 1 6 5 4 3 8
632    1035    7 5 6 1 2 8 4 0 3
633    1036    7 0 6 1 5 2 4 3 8
633    1037    7 5 6 1 3 2 4 0 8
633    1038    7 5 6 0 1 2 4 3 8
634    1039    4 1 5 0 7 6 3 2 8
636    1040    7 0 5 1 4 6 3 2 8
637    1041    1 0 7 4 2 5 3 8 6
638    1042    1 0 5 4 7 2 3 8 6
638    1043    1 7 5 4 8 2 3 0 6
638    1044    1 7 5 0 4 2 3 8 6
639    1045    3 0 7 6 4 5 1 2 8
640    1046    6 0 7 4 3 5 1 2 8
640    1047    6 3 7 4 2 5 1 0 8
640    1048    6 3 7 4 5 0 1 2 8
641    1049    6 0 3 1 4 7 2 8 5
642    1050    6 0 7 1 3 4 2 8 5
642    1051    6 3 7 1 8 4 2 0 5
642    1052    6 3 7 0 1 4 2 8 5
643    1053    3 7 5 6 1 0 2 4 8
644    1054    6 0 7 2 3 5 4 1 8
644    1055    6 3 7 0 2 5 4 1 8
644    1056    6 3 7 2 5 0 4 1 8
645    1057    6 3 7 2 1 0 4 8 5
646    1058    6 5 3 1 4 7 2 0 8
646    1059    6 5 3 0 1 7 2 4 8
646    1060    6 5 3 1 7 0 2 4 8
647    1061    1 6 3 0 5 7 2 4 8
648    1062    6 0 7 1 3 8 2 5 4
648    1063    6 3 7 0 1 8 2 5 4
648    1064    6 3 7 1 8 0 2 5 4
649    1065    6 3 7 0 5 8 1 2 4
650    1066    6 0 5 1 7 8 2 3 4
650    1067    6 7 5 0 1 8 2 3 4
650    1068    6 7 5 1 8 0 2 3 4
651    1069    6 7 5 0 3 8 1 2 4
652    1070    1 6 5 0 7 3 2 4 8
654    1071    6 7 5 0 4 3 1 2 8
655    1072    6 7 5 1 4 0 2 8 3
656    1073    7 0 5 6 1 3 2 4 8
657    1074    6 7 5 2 1 3 4 0 8
658    1075    3 0 7 2 1 5 4 6 8
658    1076    3 1 7 0 2 5 4 6 8
658    1077    3 1 7 2 5 0 4 6 8
659    1078    3 1 7 2 6 0 4 8 5
660    1079    3 1 7 0 4 5 6 2 8
661    1080    3 1 7 6 4 0 2 8 5
662    1081    3 0 1 6 5 7 2 4 8
663    1082    3 1 7 6 5 8 2 0 4
664    1083    1 0 5 3 7 8 2 6 4
664    1084    1 7 5 0 3 8 2 6 4
664    1085    1 7 5 3 8 0 2 6 4
665    1086    1 7 5 0 6 8 3 2 4
666    1087    1 4 6 3 8 7 2 0 5
666    1088    1 4 6 0 3 7 2 8 5
666    1089    1 4 6 3 7 0 2 8 5
667    1090    3 1 6 0 4 7 2 8 5
668    1091    3 1 7 0 6 4 2 8 5
669    1092    1 7 4 3 6 0 2 8 5
670    1093    1 6 7 0 8 4 3 2 5
673    1094    1 6 7 2 3 4 8 0 5
675    1095    1 5 6 3 4 0 2 8 7
676    1096    1 5 6 3 7 8 2 0 4
677    1097    3 1 6 2 5 7 4 0 8
678    1098    3 0 6 5 1 7 2 4 8
678    1099    3 1 6 5 4 7 2 0 8
678    1100    3 1 6 5 7 0 2 4 8
679    1101    3 1 7 0 6 8 2 5 4
680    1102    1 7 8 3 6 0 2 5 4
682    1103    1 6 7 2 3 8 5 0 4
683    1104    1 0 6 3 8 7 2 5 4
684    1105    6 0 7 1 5 8 3 2 4
685    1106    1 0 7 5 6 8 3 2 4
685    1107    1 6 7 5 2 8 3 0 4
685    1108    1 6 7 5 8 0 3 2 4
686    1109    3 0 6 1 8 7 2 4 5
687    1110    1 0 6 8 3 7 2 4 5
687    1111    1 3 6 8 4 7 2 0 5
687    1112    1 3 6 8 7 0 2 4 5
688    1113    1 0 3 2 8 6 4 5 7
689    1114    1 0 6 2 3 8 4 5 7
689    1115    1 3 6 2 5 8 4 0 7
689    1116    1 3 6 0 2 8 4 5 7
690    1117    3 2 6 1 8 7 4 0 5
690    1118    3 2 6 0 1 7 4 8 5
690    1119    3 2 6 1 7 0 4 8 5
691    1120    3 6 7 1 2 0 4 8 5
692    1121    1 0 6 4 3 7 8 2 5
692    1122    1 3 6 0 4 7 8 2 5
692    1123    1 3 6 4 7 0 8 2 5
693    1124    1 3 6 4 2 0 8 5 7
694    1125    2 1 3 0 7 6 4 8 5
695    1126    1 0 6 2 3 5 4 7 8
695    1127    1 3 6 0 2 5 4 7 8
695    1128    1 3 6 2 5 0 4 7 8
696    1129    1 3 6 0 7 5 2 4 8
697    1130    2 0 6 4 1 7 8 3 5
697    1131    2 1 6 0 4 7 8 3 5
697    1132    2 1 6 4 7 0 8 3 5
698    1133    2 1 6 4 3 0 8 5 7
700    1134    2 6 7 3 1 0 4 8 5
701    1135    2 1 6 0 8 7 3 4 5
702    1136    2 1 6 3 8 0 4 5 7
703    1137    2 0 1 3 7 6 4 8 5
704    1138    2 1 6 3 7 5 4 0 8
705    1139    2 0 7 4 1 3 8 6 5
705    1140    2 1 7 0 4 3 8 6 5
705    1141    2 1 7 4 3 0 8 6 5
706    1142    2 1 7 4 6 0 8 5 3
707    1143    1 0 3 2 7 5 4 6 8
707    1144    1 7 3 0 2 5 4 6 8
707    1145    1 7 3 2 5 0 4 6 8
708    1146    1 7 3 0 6 5 2 4 8
709    1147    1 7 3 0 8 6 2 4 5
710    1148    1 7 3 2 8 0 4 5 6
711    1149    7 0 3 1 2 6 4 8 5
712    1150    1 7 3 4 2 6 8 0 5
713    1151    6 8 7 1 4 3 2 0 5
713    1152    6 8 7 0 1 3 2 4 5
713    1153    6 8 7 1 3 0 2 4 5
714    1154    6 7 3 1 8 0 2 4 5
715    1155    8 1 7 0 6 3 2 4 5
716    1156    1 7 3 8 6 0 2 4 5
718    1157    1 6 7 8 4 0 2 5 3
720    1158    1 6 7 8 3 5 2 0 4
721    1159    6 2 7 0 8 3 1 4 5
723    1160    6 2 7 4 1 3 8 0 5
724    1161    6 7 3 1 2 5 4 0 8
725    1162    6 0 3 1 7 2 4 8 5
725    1163    6 7 3 1 8 2 4 0 5
725    1164    6 7 3 0 1 2 4 8 5
726    1165    4 1 7 0 6 3 8 2 5
727    1166    1 7 3 4 6 0 8 2 5
728    1167    6 0 7 1 4 3 8 2 5
730    1168    1 6 7 4 3 5 8 0 2
731    1169    1 0 6 4 2 7 8 5 3
732    1170    1 0 7 4 6 2 8 5 3
732    1171    1 6 7 4 5 2 8 0 3
732    1172    1 6 7 0 4 2 8 5 3
733    1173    2 3 7 6 4 5 1 0 8
733    1174    2 3 7 0 6 5 1 4 8
733    1175    2 3 7 6 5 0 1 4 8
734    1176    2 7 5 6 3 0 1 4 8
735    1177    3 6 7 0 2 5 1 4 8
736    1178    6 7 5 3 2 0 1 4 8
738    1179    6 2 7 3 4 0 1 8 5
739    1180    6 0 2 3 5 7 1 4 8
740    1181    6 2 7 3 5 8 1 0 4
741    1182    6 3 2 1 8 7 4 0 5
741    1183    6 3 2 0 1 7 4 8 5
741    1184    6 3 2 1 7 0 4 8 5
742    1185    1 6 2 0 3 7 4 8 5
743    1186    4 6 7 0 2 5 3 1 8
744    1187    6 7 5 4 2 0 3 1 8
745    1188    2 0 7 6 4 5 3 1 8
746    1189    6 0 2 4 5 7 3 1 8
747    1190    6 2 7 4 5 8 3 0 1
748    1191    6 0 2 4 1 7 3 8 5
749    1192    6 0 7 4 2 1 3 8 5
749    1193    6 2 7 4 8 1 3 0 5
749    1194    6 2 7 0 4 1 3 8 5
750    1195    6 5 2 0 3 7 1 4 8
751    1196    6 5 2 1 3 0 4 8 7
752    1197    5 0 2 6 1 7 4 3 8
753    1198    6 5 2 4 1 7 3 0 8
754    1199    6 5 2 1 7 8 4 0 3
755    1200    1 6 2 4 5 7 3 0 8
756    1201    1 0 2 5 6 7 4 3 8
756    1202    1 6 2 5 3 7 4 0 8
756    1203    1 6 2 5 7 0 4 3 8
757    1204    6 2 7 4 1 8 5 0 3
758    1205    6 0 2 1 8 7 4 5 3
759    1206    2 0 7 6 5 8 1 4 3
760    1207    6 0 7 5 2 8 1 4 3
760    1208    6 2 7 5 4 8 1 0 3
760    1209    6 2 7 5 8 0 1 4 3
761    1210    1 6 5 0 7 8 4 2 3
762    1211    6 5 8 1 7 0 4 2 3
763    1212    7 0 5 6 1 8 4 2 3
764    1213    6 7 5 4 1 8 2 0 3
765    1214    6 0 7 1 8 5 4 2 3
766    1215    6 7 5 1 8 3 4 0 2
767    1216    7 0 5 6 2 8 1 4 3
768    1217    6 0 5 2 7 8 1 4 3
768    1218    6 7 5 2 4 8 1 0 3
768    1219    6 7 5 2 8 0 1 4 3
769    1220    1 6 5 4 7 2 3 0 8
770    1221    1 0 5 7 6 2 4 3 8
770    1222    1 6 5 7 3 2 4 0 8
770    1223    1 6 5 7 2 0 4 3 8
771    1224    7 0 5 6 3 2 1 4 8
772    1225    6 0 5 3 7 2 1 4 8
772    1226    6 7 5 3 4 2 1 0 8
773    1227    6 0 7 1 3 5 4 8 2
774    1228    6 0 5 1 7 3 4 8 2
774    1229    6 7 5 0 1 3 4 8 2
775    1230    7 1 5 6 3 2 4 0 8
775    1231    7 1 5 0 6 2 4 3 8
775    1232    7 1 5 6 2 0 4 3 8
776    1233    7 5 2 6 1 0 4 3 8
777    1234    6 0 5 4 7 2 3 1 8
777    1235    6 7 5 0 4 2 3 1 8
778    1236    6 7 5 4 1 0 3 8 2
779    1237    4 0 7 3 1 5 2 6 8
779    1238    4 1 7 0 3 5 2 6 8
779    1239    4 1 7 3 5 0 2 6 8
780    1240    4 1 7 3 6 0 2 8 5
782    1241    4 7 5 6 1 0 3 2 8
783    1242    4 1 7 0 2 5 6 3 8
784    1243    4 1 7 6 2 0 3 8 5
785    1244    4 0 1 6 5 7 3 2 8
786    1245    4 1 7 6 5 8 3 0 2
787    1246    1 0 5 4 7 8 3 6 2
787    1247    1 7 5 0 4 8 3 6 2
787    1248    1 7 5 4 8 0 3 6 2
788    1249    1 7 5 0 6 8 4 3 2
789    1250    6 4 7 0 2 5 1 3 8
790    1251    6 4 7 1 2 0 3 8 5
791    1252    6 4 7 3 1 5 2 0 8
792    1253    6 0 4 1 5 7 3 2 8
793    1254    6 4 7 1 5 8 3 0 2
794    1255    6 7 5 1 4 8 3 0 2
795    1256    6 0 5 1 7 4 3 2 8
795    1257    6 7 5 1 2 4 3 0 8
795    1258    6 7 5 0 1 4 3 2 8
796    1259    5 0 6 1 4 7 3 2 8
797    1260    1 5 6 4 7 8 3 0 2
798    1261    4 1 6 3 5 7 2 0 8
799    1262    4 0 6 5 1 7 3 2 8
799    1263    4 1 6 5 2 7 3 0 8
799    1264    4 1 6 5 7 0 3 2 8
800    1265    4 1 7 0 6 8 3 5 2
801    1266    1 7 8 4 6 0 3 5 2
802    1267    6 0 7 1 4 8 3 5 2
803    1268    1 6 7 3 4 8 5 0 2
804    1269    1 0 6 4 8 7 3 5 2
805    1270    6 0 7 1 5 8 4 3 2
806    1271    1 0 7 5 6 8 4 3 2
806    1272    1 6 7 5 3 8 4 0 2
806    1273    1 6 7 5 8 0 4 3 2
807    1274    1 2 6 0 8 7 4 3 5
808    1275    1 2 6 4 8 0 3 5 7
809    1276    2 0 6 1 4 7 3 8 5
810    1277    1 2 6 3 4 7 8 0 5
811    1278    1 0 2 4 7 6 3 8 5
812    1279    1 2 6 4 7 5 3 0 8
813    1280    4 1 6 3 2 7 8 0 5
814    1281    4 0 6 2 1 7 3 8 5
814    1282    4 1 6 2 8 7 3 0 5
814    1283    4 1 6 2 7 0 3 8 5
815    1284    4 1 7 3 6 2 8 0 5
816    1285    4 0 7 6 1 2 3 8 5
816    1286    4 1 7 6 8 2 3 0 5
817    1287    1 7 2 4 6 5 3 0 8
818    1288    1 7 2 4 8 6 3 0 5
818    1289    1 7 2 0 4 6 3 8 5
819    1290    6 0 7 1 8 2 4 3 5
820    1291    1 0 7 8 6 2 4 3 5
820    1292    1 6 7 8 3 2 4 0 5
820    1293    1 6 7 8 2 0 4 3 5
821    1294    6 4 7 1 8 2 3 0 5
821    1295    6 4 7 0 1 2 3 8 5
822    1296    6 7 2 1 4 0 3 8 5
823    1297    1 0 7 3 6 2 8 4 5
823    1298    1 6 7 0 3 2 8 4 5
823    1299    1 6 7 3 2 0 8 4 5
824    1300    1 6 7 3 4 0 8 5 2
825    1301    5 3 6 1 4 7 2 0 8
825    1302    5 3 6 0 1 7 2 4 8
825    1303    5 3 6 1 7 0 2 4 8
826    1304    5 6 7 1 3 0 2 4 8
827    1305    1 3 5 2 8 6 4 0 7
827    1306    1 3 5 0 2 6 4 8 7
827    1307    1 3 5 2 6 0 4 8 7
828    1308    2 1 5 0 3 6 4 8 7
829    1309    2 1 6 0 5 3 4 8 7
830    1310    1 6 3 2 5 0 4 8 7
831    1311    1 5 6 0 8 3 2 4 7
833    1312    5 0 6 1 2 3 4 8 7
834    1313    1 5 6 4 2 3 8 0 7
835    1314    5 2 6 0 3 7 1 4 8
836    1315    5 2 6 1 3 0 4 8 7
837    1316    5 2 6 4 1 7 3 0 8
838    1317    5 0 2 1 7 6 4 3 8
839    1318    5 2 6 1 7 8 4 0 3
840    1319    5 6 7 1 2 8 4 0 3
841    1320    5 0 7 1 6 2 4 3 8
841    1321    5 6 7 1 3 2 4 0 8
841    1322    5 6 7 0 1 2 4 3 8
842    1323    1 0 5 4 2 6 3 8 7
843    1324    1 0 6 4 5 2 3 8 7
843    1325    1 5 6 4 8 2 3 0 7
843    1326    1 5 6 0 4 2 3 8 7
844    1327    2 1 6 0 5 8 4 7 3
845    1328    1 6 8 2 5 0 4 7 3
846    1329    5 0 6 1 2 8 4 7 3
847    1330    1 5 6 4 2 8 7 0 3
848    1331    1 0 5 2 8 6 4 7 3
849    1332    5 0 6 1 7 8 2 4 3
850    1333    1 0 6 7 5 8 2 4 3
850    1334    1 5 6 7 4 8 2 0 3
850    1335    1 5 6 7 8 0 2 4 3
851    1336    4 2 6 0 1 7 3 5 8
852    1337    2 6 7 4 1 0 3 5 8
853    1338    1 0 6 2 4 7 3 5 8
854    1339    2 1 6 3 4 7 5 0 8
855    1340    2 0 1 4 7 6 3 5 8
856    1341    2 1 6 4 7 8 3 0 5
857    1342    2 0 1 4 5 6 3 8 7
858    1343    2 0 6 4 1 5 3 8 7
858    1344    2 1 6 4 8 5 3 0 7
858    1345    2 1 6 0 4 5 3 8 7
859    1346    2 6 7 5 1 8 4 0 3
860    1347    2 0 7 5 6 1 4 3 8
860    1348    2 6 7 5 3 1 4 0 8
860    1349    2 6 7 0 5 1 4 3 8
861    1350    1 0 6 2 3 7 5 4 8
862    1351    2 0 6 3 1 7 5 4 8
862    1352    2 1 6 3 7 0 5 4 8
863    1353    2 0 1 5 3 6 4 8 7
864    1354    2 0 6 5 1 3 4 8 7
864    1355    2 1 6 5 8 3 4 0 7
865    1356    2 7 1 5 3 6 4 0 8
865    1357    2 7 1 0 5 6 4 3 8
865    1358    2 7 1 5 6 0 4 3 8
866    1359    5 2 1 0 7 6 4 3 8
867    1360    2 0 6 5 1 8 4 7 3
867    1361    2 1 6 5 8 0 4 7 3
868    1362    2 1 6 0 7 8 5 4 3
869    1363    2 0 7 4 1 8 5 6 3
869    1364    2 1 7 0 4 8 5 6 3
869    1365    2 1 7 4 8 0 5 6 3
870    1366    2 1 7 4 6 0 5 3 8
871    1367    1 0 8 2 7 3 4 6 5
871    1368    1 7 8 0 2 3 4 6 5
871    1369    1 7 8 2 3 0 4 6 5
872    1370    1 7 8 0 6 3 2 4 5
873    1371    2 1 8 0 7 6 4 5 3
875    1372    1 7 8 0 5 6 2 4 3
876    1373    1 7 8 2 5 0 4 3 6
877    1374    7 0 8 1 2 6 4 5 3
878    1375    1 7 8 4 2 6 5 0 3
879    1376    6 7 8 1 2 3 4 0 5
880    1377    6 0 8 1 7 2 4 5 3
880    1378    6 7 8 1 5 2 4 0 3
880    1379    6 7 8 0 1 2 4 5 3
881    1380    4 1 7 0 6 8 5 2 3
882    1381    1 7 8 4 6 0 5 2 3
883    1382    6 0 7 1 4 8 5 2 3
884    1383    1 0 6 4 8 7 5 2 3
885    1384    1 6 7 4 8 3 5 0 2
886    1385    1 0 6 4 2 7 5 3 8
887    1386    1 0 7 4 6 2 5 3 8
887    1387    1 6 7 4 3 2 5 0 8
887    1388    1 6 7 0 4 2 5 3 8
888    1389    1 8 6 0 5 7 2 4 3
889    1390    1 8 6 2 5 0 4 3 7
890    1391    8 0 6 1 2 7 4 5 3
891    1392    1 8 6 4 2 7 5 0 3
892    1393    1 8 6 2 7 3 4 0 5
893    1394    2 1 6 4 8 7 5 0 3
894    1395    2 0 6 8 1 7 4 5 3
894    1396    2 1 6 8 5 7 4 0 3
894    1397    2 1 6 8 7 0 4 5 3
895    1398    6 5 7 0 4 8 1 2 3
896    1399    6 5 7 1 4 0 2 3 8
897    1400    5 0 7 6 1 8 2 4 3
898    1401    6 5 7 2 1 8 4 0 3
899    1402    6 0 5 1 8 7 2 4 3
900    1403    6 5 7 1 8 3 2 0 4
901    1404    6 7 8 1 5 3 2 0 4
902    1405    6 0 8 1 7 5 2 4 3
902    1406    6 7 8 1 4 5 2 0 3
902    1407    6 7 8 0 1 5 2 4 3
903    1408    5 1 7 2 6 8 4 0 3
904    1409    5 1 7 6 4 8 2 0 3
904    1410    5 1 7 6 8 0 2 4 3
905    1411    1 7 8 5 6 3 2 0 4
906    1412    1 0 8 5 7 6 2 4 3
906    1413    1 7 8 5 4 6 2 0 3
907    1414    1 0 6 5 4 7 2 3 8
908    1415    1 0 7 5 6 4 2 3 8
908    1416    1 6 7 5 3 4 2 0 8
908    1417    1 6 7 0 5 4 2 3 8
909    1418    1 8 6 5 4 7 2 0 3
909    1419    1 8 6 5 7 0 2 4 3
910    1420    5 1 6 0 8 7 2 4 3
911    1421    1 0 7 5 6 3 2 8 4
911    1422    1 6 7 0 5 3 2 8 4
911    1423    1 6 7 5 3 0 2 8 4
912    1424    1 6 7 0 8 3 5 2 4
913    1425    4 2 7 3 0 5 6 1 8
913    1426    4 2 7 3 1 5 6 8 0
914    1427    0 4 7 1 2 5 3 6 8
914    1428    4 7 0 1 2 5 3 6 8
915    1429    4 2 7 1 6 5 0 3 8
915    1430    4 2 7 1 6 5 3 8 0
916    1431    4 2 0 1 5 7 3 6 8
916    1432    4 2 7 1 5 8 3 6 0
917    1433    2 7 5 4 0 8 3 1 6
917    1434    2 7 5 4 1 8 0 3 6
918    1435    0 2 5 4 7 1 3 6 8
918    1436    2 5 0 4 7 1 3 6 8
919    1437    2 7 5 4 6 1 3 8 0
920    1438    0 7 5 2 4 1 3 6 8
920    1439    2 7 5 3 4 1 0 6 8
921    1440    1 4 7 2 6 5 0 3 8
921    1441    1 4 7 2 6 5 3 8 0
922    1442    1 4 7 3 2 5 0 6 8
923    1443    1 4 0 2 5 7 3 6 8
923    1444    1 4 7 2 5 8 3 6 0
924    1445    1 7 5 2 4 8 3 6 0
924    1446    1 7 5 2 0 4 3 6 8
925    1447    2 1 0 3 4 7 6 8 5
925    1448    2 1 7 3 0 4 6 8 5
926    1449    2 5 1 4 6 7 3 8 0
927    1450    0 5 1 2 4 7 3 6 8
927    1451    2 5 1 3 4 7 0 6 8
928    1452    2 5 1 4 7 8 3 6 0
929    1453    4 2 1 3 5 7 0 6 8
929    1454    4 2 1 5 0 7 3 6 8
930    1455    0 2 7 4 1 8 3 5 6
930    1456    2 7 0 4 1 8 3 5 6
931    1457    0 1 7 2 4 8 3 5 6
931    1458    2 1 7 3 4 8 0 5 6
932    1459    2 1 0 4 8 7 3 5 6
933    1460    0 1 7 2 5 8 4 3 6
933    1461    2 1 7 5 0 8 4 3 6
934    1462    2 6 1 4 8 7 0 3 5
934    1463    2 6 1 4 8 7 3 5 0
935    1464    0 6 1 2 4 7 3 8 5
935    1465    2 6 1 3 4 7 0 8 5
936    1466    2 6 0 4 7 1 3 8 5
936    1467    2 6 1 4 7 5 3 8 0
937    1468    4 2 1 3 6 7 0 8 5
937    1469    4 2 1 6 0 7 3 8 5
938    1470    4 2 7 3 1 6 0 8 5
938    1471    4 2 7 1 0 6 3 8 5
939    1472    2 7 6 4 1 5 3 8 0
939    1473    2 7 6 4 0 1 3 8 5
940    1474    0 1 7 2 8 6 4 3 5
940    1475    2 1 7 8 0 6 4 3 5
941    1476    1 4 7 2 0 6 3 8 5
941    1477    1 7 0 2 4 6 3 8 5
942    1478    2 1 7 3 0 6 8 4 5
942    1479    2 1 7 3 4 6 8 5 0
943    1480    0 2 5 6 7 8 4 1 3
943    1481    2 5 0 6 7 8 4 1 3
944    1482    0 7 5 2 6 8 4 1 3
944    1483    2 7 5 4 6 8 0 1 3
945    1484    2 7 0 6 8 5 4 1 3
945    1485    2 7 5 6 8 3 4 1 0
946    1486    0 7 5 2 1 8 6 4 3
946    1487    2 7 5 1 0 8 6 4 3
947    1488    6 2 5 4 7 1 0 3 8
947    1489    6 2 5 7 0 1 4 3 8
948    1490    0 7 5 2 3 1 6 4 8
948    1491    2 7 5 3 0 1 6 4 8
949    1492    2 7 0 6 3 5 4 8 1
949    1493    2 7 5 6 0 3 4 8 1
950    1494    7 6 5 2 0 1 4 3 8
950    1495    7 5 0 2 6 1 4 3 8
951    1496    1 3 7 2 4 5 0 6 8
951    1497    1 3 7 2 4 5 6 8 0
952    1498    0 3 7 1 2 5 6 4 8
952    1499    1 3 7 6 2 5 0 4 8
953    1500    1 3 0 2 5 7 6 4 8
953    1501    1 3 7 2 5 8 6 4 0
954    1502    1 7 5 2 3 8 6 4 0
954    1503    1 7 5 2 0 3 6 4 8
955    1504    3 2 7 6 1 5 0 4 8
955    1505    3 2 7 1 0 5 6 4 8
956    1506    2 7 5 3 1 8 6 4 0
957    1507    2 5 1 3 0 7 6 4 8
957    1508    0 2 1 3 5 7 6 4 8
958    1509    2 1 7 3 0 8 6 5 4
958    1510    2 1 7 3 5 8 0 6 4
959    1511    2 3 1 6 8 7 0 4 5
959    1512    2 3 1 6 8 7 4 5 0
960    1513    0 3 1 2 6 7 4 8 5
960    1514    2 3 1 4 6 7 0 8 5
961    1515    2 3 0 6 7 1 4 8 5
961    1516    2 3 1 6 7 5 4 8 0
962    1517    6 2 1 4 3 7 0 8 5
962    1518    6 2 1 3 0 7 4 8 5
963    1519    2 7 3 6 1 5 4 8 0
963    1520    2 7 3 6 0 1 4 8 5
964    1521    0 1 7 2 8 3 6 4 5
964    1522    2 1 7 8 0 3 6 4 5
965    1523    0 5 1 2 3 7 6 4 8
966    1524    2 5 0 6 3 1 4 8 7
966    1525    2 5 1 6 0 3 4 8 7
967    1526    5 6 1 2 0 7 4 3 8
967    1527    5 1 0 2 6 7 4 3 8
968    1528    2 5 1 6 0 8 4 7 3
968    1529    2 5 1 6 7 8 0 4 3
969    1530    6 2 1 4 0 7 3 5 8
969    1531    6 2 1 4 5 7 3 8 0
970    1532    0 6 1 5 2 7 4 3 8
970    1533    6 1 0 5 2 7 4 3 8
971    1534    6 2 1 5 3 7 0 4 8
971    1535    6 2 1 5 3 7 4 8 0
972    1536    6 2 0 5 7 1 4 3 8
972    1537    6 2 1 5 7 8 4 3 0
973    1538    2 7 8 6 1 3 4 5 0
973    1539    2 7 8 6 0 1 4 5 3
974    1540    2 8 1 6 0 7 4 5 3
974    1541    0 2 1 6 8 7 4 5 3
975    1542    1 5 7 2 0 8 6 4 3
975    1543    1 7 0 2 5 8 6 4 3
976    1544    0 2 7 5 1 8 6 4 3
976    1545    2 7 0 5 1 8 6 4 3
977    1546    2 1 7 5 4 8 0 6 3
977    1547    2 1 7 5 4 8 6 3 0
978    1548    2 1 0 5 8 7 6 4 3
978    1549    2 1 7 5 8 3 6 4 0
979    1550    2 1 5 4 0 8 6 7 3
979    1551    2 1 5 4 7 8 6 3 0
980    1552    0 2 5 7 1 8 4 6 3
980    1553    2 5 0 7 1 8 4 6 3
981    1554    2 1 5 7 6 8 0 4 3
982    1555    2 1 0 7 8 5 4 6 3
982    1556    2 1 5 7 8 3 4 6 0
983    1557    1 5 8 2 0 3 4 7 6
983    1558    1 5 8 2 7 3 0 4 6
984    1559    0 1 8 2 5 7 4 6 3
984    1560    1 8 0 2 5 7 4 6 3
985    1561    1 5 8 2 6 7 0 4 3
985    1562    1 5 8 2 6 7 4 3 0
986    1563    0 5 8 1 2 7 4 6 3
986    1564    1 5 8 4 2 7 0 6 3
987    1565    7 2 5 1 6 8 0 4 3
988    1566    7 2 5 4 1 8 0 6 3
989    1567    7 2 0 1 8 5 4 6 3
989    1568    7 2 5 1 8 3 4 6 0
990    1569    7 5 8 1 2 3 4 6 0
990    1570    7 5 8 1 0 2 4 6 3
991    1571    0 1 5 4 7 8 6 2 3
991    1572    1 5 0 4 7 8 6 2 3
992    1573    0 7 5 1 4 8 6 2 3
993    1574    1 7 0 4 8 5 6 2 3
993    1575    1 7 5 4 8 3 6 2 0
994    1576    1 7 0 4 2 5 6 3 8
994    1577    1 7 5 4 0 2 6 3 8
995    1578    1 8 7 2 6 5 0 4 3
995    1579    1 8 7 2 6 5 4 3 0
996    1580    0 8 7 1 2 5 4 6 3
996    1581    1 8 7 4 2 5 0 6 3
997    1582    1 8 7 2 5 3 4 6 0
998    1583    2 1 7 4 8 5 0 6 3
998    1584    2 1 7 8 0 5 4 6 3
999    1585    0 7 5 1 8 3 2 4 6
999    1586    1 7 5 8 0 3 2 4 6
1000    1587    7 6 5 1 4 8 0 2 3
1000    1588    7 6 5 1 4 8 2 3 0
1001    1589    0 6 5 7 1 8 2 4 3
1001    1590    7 6 5 2 1 8 0 4 3
1002    1591    7 6 0 1 8 5 2 4 3
1002    1592    7 6 5 1 8 3 2 4 0
1003    1593    7 5 8 1 6 3 2 4 0
1003    1594    7 5 8 1 0 6 2 4 3
1004    1595    6 1 5 2 7 8 0 4 3
1004    1596    6 1 5 7 0 8 2 4 3
1005    1597    1 5 8 6 7 3 2 4 0
1005    1598    1 5 8 6 0 7 2 4 3
1006    1599    1 7 0 6 4 5 2 3 8
1006    1600    1 7 5 6 0 4 2 3 8
1007    1601    1 8 7 6 0 5 2 4 3
1007    1602    0 1 7 6 8 5 2 4 3
1008    1603    1 7 5 6 0 3 2 8 4
1008    1604    1 7 5 6 8 3 0 2 4
1009    1605    0 2 5 4 1 6 3 7 8
1009    1606    2 5 0 4 1 6 3 7 8
1010    1607    0 1 5 2 4 6 3 7 8
1010    1608    2 1 5 3 4 6 0 7 8
1011    1609    2 1 0 4 6 5 3 7 8
1011    1610    2 1 5 4 6 8 3 7 0
1012    1611    2 1 0 4 7 5 3 8 6
1012    1612    2 1 5 4 0 7 3 8 6
1013    1613    2 5 6 7 1 8 4 3 0
1013    1614    2 5 6 7 0 1 4 3 8
1014    1615    0 1 5 2 3 6 7 4 8
1014    1616    2 1 5 3 0 6 7 4 8
1015    1617    2 1 0 7 3 5 4 8 6
1015    1618    2 1 5 7 0 3 4 8 6
1016    1619    2 6 1 7 0 5 4 3 8
1016    1620    0 2 1 7 6 5 4 3 8
1017    1621    7 3 5 1 4 6 0 2 8
1017    1622    7 3 5 1 4 6 2 8 0
1018    1623    0 3 5 7 1 6 2 4 8
1018    1624    7 3 5 2 1 6 0 4 8
1019    1625    7 3 0 1 6 5 2 4 8
1019    1626    7 3 5 1 6 8 2 4 0
1020    1627    7 5 6 1 3 8 2 4 0
1020    1628    7 5 6 1 0 3 2 4 8
1021    1629    3 1 5 2 7 6 0 4 8
1021    1630    3 1 5 7 0 6 2 4 8
1022    1631    1 7 0 3 4 5 2 8 6
1022    1632    1 7 5 3 0 4 2 8 6
1023    1633    1 3 7 2 8 5 0 4 6
1023    1634    1 3 7 2 8 5 4 6 0
1024    1635    0 3 7 1 2 5 4 8 6
1024    1636    1 3 7 4 2 5 0 8 6
1025    1637    1 3 0 2 5 7 4 8 6
1025    1638    1 3 7 2 5 6 4 8 0
1026    1639    2 1 7 4 3 5 0 8 6
1026    1640    2 1 7 3 0 5 4 8 6
1027    1641    2 1 5 4 7 3 0 8 6
1028    1642    1 5 3 2 7 6 4 8 0
1028    1643    1 5 3 2 0 7 4 8 6
1029    1644    7 2 5 1 0 3 4 8 6
1029    1645    7 5 0 1 2 3 4 8 6
1030    1646    1 7 5 4 0 3 8 2 6
1030    1647    1 7 5 4 2 3 8 6 0
1031    1648    0 2 5 7 3 6 1 4 8
1031    1649    7 2 5 3 0 6 1 4 8
1032    1650    7 2 0 1 3 5 4 8 6
1033    1651    7 2 5 4 0 6 3 1 8
1033    1652    7 2 5 4 1 6 3 8 0
1034    1653    7 6 2 1 0 5 4 3 8
1034    1654    0 7 2 1 6 5 4 3 8
1035    1655    7 5 6 1 0 8 4 2 3
1035    1656    7 5 6 1 2 8 0 4 3
1036    1657    0 7 6 1 5 2 4 3 8
1036    1658    7 6 0 1 5 2 4 3 8
1037    1659    7 5 6 1 3 2 0 4 8
1037    1660    7 5 6 1 3 2 4 8 0
1038    1661    0 5 6 7 1 2 4 3 8
1038    1662    7 5 6 4 1 2 0 3 8
1039    1663    4 1 5 3 7 6 0 2 8
1039    1664    4 1 5 7 0 6 3 2 8
1040    1665    7 4 5 1 0 6 3 2 8
1040    1666    7 5 0 1 4 6 3 2 8
1041    1667    1 2 7 4 0 5 3 8 6
1041    1668    0 1 7 4 2 5 3 8 6
1042    1669    0 1 5 4 7 2 3 8 6
1042    1670    1 5 0 4 7 2 3 8 6
1043    1671    1 7 5 4 8 2 0 3 6
1043    1672    1 7 5 4 8 2 3 6 0
1044    1673    0 7 5 1 4 2 3 8 6
1044    1674    1 7 5 3 4 2 0 8 6
1045    1675    3 4 7 6 0 5 1 2 8
1045    1676    3 7 0 6 4 5 1 2 8
1046    1677    0 6 7 4 3 5 1 2 8
1046    1678    6 7 0 4 3 5 1 2 8
1047    1679    6 3 7 4 2 5 0 1 8
1047    1680    6 3 7 4 2 5 1 8 0
1048    1681    6 3 0 4 5 7 1 2 8
1048    1682    6 3 7 4 5 8 1 2 0
1049    1683    6 4 3 1 0 7 2 8 5
1049    1684    0 6 3 1 4 7 2 8 5
1050    1685    6 7 0 1 3 4 2 8 5
1051    1686    6 3 7 1 8 4 0 2 5
1051    1687    6 3 7 1 8 4 2 5 0
1052    1688    0 3 7 6 1 4 2 8 5
1052    1689    6 3 7 2 1 4 0 8 5
1053    1690    3 7 5 6 1 8 2 4 0
1053    1691    3 7 5 6 0 1 2 4 8
1054    1692    0 6 7 2 3 5 4 1 8
1054    1693    6 7 0 2 3 5 4 1 8
1055    1694    0 3 7 6 2 5 4 1 8
1056    1695    6 3 0 2 5 7 4 1 8
1056    1696    6 3 7 2 5 8 4 1 0
1057    1697    6 3 0 2 1 7 4 8 5
1057    1698    6 3 7 2 0 1 4 8 5
1058    1699    6 5 3 1 4 7 0 2 8
1058    1700    6 5 3 1 4 7 2 8 0
1059    1701    0 5 3 6 1 7 2 4 8
1059    1702    6 5 3 2 1 7 0 4 8
1060    1703    6 5 3 1 7 8 2 4 0
1061    1704    1 6 3 2 5 7 0 4 8
1061    1705    1 6 3 5 0 7 2 4 8
1062    1706    6 7 0 1 3 8 2 5 4
1063    1707    0 3 7 6 1 8 2 5 4
1063    1708    6 3 7 2 1 8 0 5 4
1064    1709    6 3 0 1 8 7 2 5 4
1065    1710    0 3 7 6 5 8 1 2 4
1065    1711    6 3 7 5 0 8 1 2 4
1066    1712    0 6 5 1 7 8 2 3 4
1066    1713    6 5 0 1 7 8 2 3 4
1067    1714    0 7 5 6 1 8 2 3 4
1067    1715    6 7 5 2 1 8 0 3 4
1068    1716    6 7 0 1 8 5 2 3 4
1068    1717    6 7 5 1 8 4 2 3 0
1069    1718    0 7 5 6 3 8 1 2 4
1069    1719    6 7 5 3 0 8 1 2 4
1070    1720    1 6 5 2 7 3 0 4 8
1070    1721    1 6 5 7 0 3 2 4 8
1071    1722    0 7 5 6 4 3 1 2 8
1071    1723    6 7 5 4 0 3 1 2 8
1072    1724    6 7 0 1 4 5 2 8 3
1072    1725    6 7 5 1 0 4 2 8 3
1073    1726    7 1 5 6 0 3 2 4 8
1073    1727    7 5 0 6 1 3 2 4 8
1074    1728    6 7 5 2 0 3 4 1 8
1074    1729    6 7 5 2 1 3 4 8 0
1075    1730    0 3 7 2 1 5 4 6 8
1075    1731    3 7 0 2 1 5 4 6 8
1076    1732    0 1 7 3 2 5 4 6 8
1076    1733    3 1 7 4 2 5 0 6 8
1077    1734    3 1 0 2 5 7 4 6 8
1077    1735    3 1 7 2 5 8 4 6 0
1078    1736    3 1 0 2 6 7 4 8 5
1078    1737    3 1 7 2 0 6 4 8 5
1079    1738    0 1 7 3 4 5 6 2 8
1079    1739    3 1 7 4 0 5 6 2 8
1080    1740    3 1 0 6 4 7 2 8 5
1080    1741    3 1 7 6 0 4 2 8 5
1081    1742    3 5 1 6 0 7 2 4 8
1081    1743    0 3 1 6 5 7 2 4 8
1082    1744    3 1 7 6 0 8 2 5 4
1082    1745    3 1 7 6 5 8 0 2 4
1083    1746    0 1 5 3 7 8 2 6 4
1083    1747    1 5 0 3 7 8 2 6 4
1084    1748    0 7 5 1 3 8 2 6 4
1084    1749    1 7 5 2 3 8 0 6 4
1085    1750    1 7 0 3 8 5 2 6 4
1085    1751    1 7 5 3 8 4 2 6 0
1086    1752    0 7 5 1 6 8 3 2 4
1086    1753    1 7 5 6 0 8 3 2 4
1087    1754    1 4 6 3 8 7 0 2 5
1087    1755    1 4 6 3 8 7 2 5 0
1088    1756    0 4 6 1 3 7 2 8 5
1088    1757    1 4 6 2 3 7 0 8 5
1089    1758    1 4 0 3 7 6 2 8 5
1089    1759    1 4 6 3 7 5 2 8 0
1090    1760    3 1 6 2 4 7 0 8 5
1090    1761    3 1 6 4 0 7 2 8 5
1091    1762    3 1 7 2 6 4 0 8 5
1092    1763    1 7 4 3 6 5 2 8 0
1092    1764    1 7 4 3 0 6 2 8 5
1093    1765    0 6 7 1 8 4 3 2 5
1093    1766    1 6 7 8 0 4 3 2 5
1094    1767    1 6 7 2 0 4 8 3 5
1094    1768    1 6 7 2 3 4 8 5 0
1095    1769    1 5 0 3 4 6 2 8 7
1095    1770    1 5 6 3 0 4 2 8 7
1096    1771    1 5 6 3 0 8 2 7 4
1096    1772    1 5 6 3 7 8 0 2 4
1097    1773    3 1 6 2 0 7 4 5 8
1097    1774    3 1 6 2 5 7 4 8 0
1098    1775    0 3 6 5 1 7 2 4 8
1098    1776    3 6 0 5 1 7 2 4 8
1099    1777    3 1 6 5 4 7 0 2 8
1099    1778    3 1 6 5 4 7 2 8 0
1100    1779    3 1 0 5 7 6 2 4 8
1100    1780    3 1 6 5 7 8 2 4 0
1101    1781    3 1 7 2 6 8 0 5 4
1102    1782    1 7 8 3 6 4 2 5 0
1102    1783    1 7 8 3 0 6 2 5 4
1103    1784    1 6 7 2 0 8 5 3 4
1103    1785    1 6 7 2 3 8 5 4 0
1104    1786    1 8 6 3 0 7 2 5 4
1104    1787    0 1 6 3 8 7 2 5 4
1105    1788    6 5 7 1 0 8 3 2 4
1105    1789    6 7 0 1 5 8 3 2 4
1106    1790    0 1 7 5 6 8 3 2 4
1106    1791    1 7 0 5 6 8 3 2 4
1107    1792    1 6 7 5 2 8 0 3 4
1107    1793    1 6 7 5 2 8 3 4 0
1108    1794    1 6 0 5 8 7 3 2 4
1108    1795    1 6 7 5 8 4 3 2 0
1109    1796    3 8 6 1 0 7 2 4 5
1109    1797    3 6 0 1 8 7 2 4 5
1110    1798    0 1 6 8 3 7 2 4 5
1111    1799    1 3 6 8 4 7 0 2 5
1111    1800    1 3 6 8 4 7 2 5 0
1112    1801    1 3 0 8 7 6 2 4 5
1112    1802    1 3 6 8 7 5 2 4 0
1113    1803    1 8 3 2 0 6 4 5 7
1113    1804    0 1 3 2 8 6 4 5 7
1114    1805    0 1 6 2 3 8 4 5 7
1114    1806    1 6 0 2 3 8 4 5 7
1115    1807    1 3 6 2 5 8 0 4 7
1115    1808    1 3 6 2 5 8 4 7 0
1116    1809    0 3 6 1 2 8 4 5 7
1116    1810    1 3 6 4 2 8 0 5 7
1117    1811    3 2 6 1 8 7 0 4 5
1117    1812    3 2 6 1 8 7 4 5 0
1118    1813    3 2 6 4 1 7 0 8 5
1119    1814    3 2 0 1 7 6 4 8 5
1119    1815    3 2 6 1 7 5 4 8 0
1120    1816    3 6 7 1 2 5 4 8 0
1120    1817    3 6 7 1 0 2 4 8 5
1121    1818    0 1 6 4 3 7 8 2 5
1122    1819    0 3 6 1 4 7 8 2 5
1123    1820    1 3 0 4 7 6 8 2 5
1123    1821    1 3 6 4 7 5 8 2 0
1124    1822    1 3 0 4 2 6 8 5 7
1124    1823    1 3 6 4 0 2 8 5 7
1125    1824    2 1 3 4 7 6 0 8 5
1125    1825    2 1 3 7 0 6 4 8 5
1126    1826    0 1 6 2 3 5 4 7 8
1126    1827    1 6 0 2 3 5 4 7 8
1127    1828    0 3 6 1 2 5 4 7 8
1127    1829    1 3 6 4 2 5 0 7 8
1128    1830    1 3 0 2 5 6 4 7 8
1129    1831    0 3 6 1 7 5 2 4 8
1129    1832    1 3 6 7 0 5 2 4 8
1130    1833    0 2 6 4 1 7 8 3 5
1130    1834    2 6 0 4 1 7 8 3 5
1131    1835    0 1 6 2 4 7 8 3 5
1131    1836    2 1 6 8 4 7 0 3 5
1132    1837    2 1 0 4 7 6 8 3 5
1132    1838    2 1 6 4 7 5 8 3 0
1133    1839    2 1 0 4 3 6 8 5 7
1133    1840    2 1 6 4 0 3 8 5 7
1134    1841    2 6 7 3 1 5 4 8 0
1134    1842    2 6 7 3 0 1 4 8 5
1135    1843    0 1 6 2 8 7 3 4 5
1135    1844    2 1 6 8 0 7 3 4 5
1136    1845    2 1 0 3 8 6 4 5 7
1136    1846    2 1 6 3 0 8 4 5 7
1137    1847    2 7 1 3 0 6 4 8 5
1137    1848    0 2 1 3 7 6 4 8 5
1138    1849    2 1 6 3 0 5 4 7 8
1138    1850    2 1 6 3 7 5 0 4 8
1139    1851    0 2 7 4 1 3 8 6 5
1139    1852    2 7 0 4 1 3 8 6 5
1140    1853    0 1 7 2 4 3 8 6 5
1140    1854    2 1 7 8 4 3 0 6 5
1141    1855    2 1 0 4 3 7 8 6 5
1141    1856    2 1 7 4 3 5 8 6 0
1142    1857    2 1 0 4 6 7 8 5 3
1142    1858    2 1 7 4 0 6 8 5 3
1143    1859    0 1 3 2 7 5 4 6 8
1143    1860    1 3 0 2 7 5 4 6 8
1144    1861    0 7 3 1 2 5 4 6 8
1144    1862    1 7 3 4 2 5 0 6 8
1145    1863    1 7 0 2 5 3 4 6 8
1145    1864    1 7 3 2 5 8 4 6 0
1146    1865    0 7 3 1 6 5 2 4 8
1146    1866    1 7 3 6 0 5 2 4 8
1147    1867    0 7 3 1 8 6 2 4 5
1147    1868    1 7 3 8 0 6 2 4 5
1148    1869    1 7 0 2 8 3 4 5 6
1148    1870    1 7 3 2 0 8 4 5 6
1149    1871    7 2 3 1 0 6 4 8 5
1149    1872    7 3 0 1 2 6 4 8 5
1150    1873    1 7 3 4 0 6 8 2 5
1150    1874    1 7 3 4 2 6 8 5 0
1151    1875    6 8 7 1 4 3 0 2 5
1151    1876    6 8 7 1 4 3 2 5 0
1152    1877    0 8 7 6 1 3 2 4 5
1152    1878    6 8 7 2 1 3 0 4 5
1153    1879    6 8 0 1 3 7 2 4 5
1153    1880    6 8 7 1 3 5 2 4 0
1154    1881    6 7 3 1 8 5 2 4 0
1154    1882    6 7 3 1 0 8 2 4 5
1155    1883    8 1 7 2 6 3 0 4 5
1155    1884    8 1 7 6 0 3 2 4 5
1156    1885    1 7 3 8 6 5 2 4 0
1157    1886    1 6 0 8 4 7 2 5 3
1157    1887    1 6 7 8 0 4 2 5 3
1158    1888    1 6 7 8 0 5 2 3 4
1158    1889    1 6 7 8 3 5 0 2 4
1159    1890    0 2 7 6 8 3 1 4 5
1159    1891    6 2 7 8 0 3 1 4 5
1160    1892    6 2 7 4 0 3 8 1 5
1160    1893    6 2 7 4 1 3 8 5 0
1161    1894    6 7 3 1 0 5 4 2 8
1161    1895    6 7 3 1 2 5 0 4 8
1162    1896    0 6 3 1 7 2 4 8 5
1162    1897    6 3 0 1 7 2 4 8 5
1163    1898    6 7 3 1 8 2 0 4 5
1163    1899    6 7 3 1 8 2 4 5 0
1164    1900    0 7 3 6 1 2 4 8 5
1164    1901    6 7 3 4 1 2 0 8 5
1165    1902    4 1 7 8 6 3 0 2 5
1165    1903    4 1 7 6 0 3 8 2 5
1166    1904    1 7 3 4 6 5 8 2 0
1167    1905    6 4 7 1 0 3 8 2 5
1167    1906    6 7 0 1 4 3 8 2 5
1168    1907    1 6 7 4 0 5 8 3 2
1168    1908    1 6 7 4 3 5 0 8 2
1169    1909    1 2 6 4 0 7 8 5 3
1169    1910    0 1 6 4 2 7 8 5 3
1170    1911    0 1 7 4 6 2 8 5 3
1170    1912    1 7 0 4 6 2 8 5 3
1171    1913    1 6 7 4 5 2 0 8 3
1171    1914    1 6 7 4 5 2 8 3 0
1172    1915    0 6 7 1 4 2 8 5 3
1172    1916    1 6 7 8 4 2 0 5 3
1173    1917    2 3 7 6 4 5 0 1 8
1173    1918    2 3 7 6 4 5 1 8 0
1174    1919    0 3 7 2 6 5 1 4 8
1174    1920    2 3 7 1 6 5 0 4 8
1175    1921    2 3 0 6 5 7 1 4 8
1175    1922    2 3 7 6 5 8 1 4 0
1176    1923    2 7 5 6 3 8 1 4 0
1176    1924    2 7 5 6 0 3 1 4 8
1177    1925    3 6 7 1 2 5 0 4 8
1177    1926    3 6 7 2 0 5 1 4 8
1178    1927    6 7 5 3 2 8 1 4 0
1179    1928    6 2 0 3 4 7 1 8 5
1179    1929    6 2 7 3 0 4 1 8 5
1180    1930    6 5 2 3 0 7 1 4 8
1180    1931    0 6 2 3 5 7 1 4 8
1181    1932    6 2 7 3 0 8 1 5 4
1181    1933    6 2 7 3 5 8 0 1 4
1182    1934    6 3 2 1 8 7 0 4 5
1182    1935    6 3 2 1 8 7 4 5 0
1183    1936    0 3 2 6 1 7 4 8 5
1183    1937    6 3 2 4 1 7 0 8 5
1184    1938    6 3 2 1 7 5 4 8 0
1185    1939    1 6 2 4 3 7 0 8 5
1185    1940    1 6 2 3 0 7 4 8 5
1186    1941    4 6 7 3 2 5 0 1 8
1186    1942    4 6 7 2 0 5 3 1 8
1187    1943    6 7 5 4 2 8 3 1 0
1188    1944    2 4 7 6 0 5 3 1 8
1188    1945    2 7 0 6 4 5 3 1 8
1189    1946    6 5 2 4 0 7 3 1 8
1189    1947    0 6 2 4 5 7 3 1 8
1190    1948    6 2 7 4 0 8 3 5 1
1190    1949    6 2 7 4 5 8 0 3 1
1191    1950    6 1 2 4 0 7 3 8 5
1191    1951    0 6 2 4 1 7 3 8 5
1192    1952    0 6 7 4 2 1 3 8 5
1192    1953    6 7 0 4 2 1 3 8 5
1193    1954    6 2 7 4 8 1 0 3 5
1193    1955    6 2 7 4 8 1 3 5 0
1194    1956    0 2 7 6 4 1 3 8 5
1194    1957    6 2 7 3 4 1 0 8 5
1195    1958    0 5 2 6 3 7 1 4 8
1196    1959    6 5 0 1 3 2 4 8 7
1196    1960    6 5 2 1 0 3 4 8 7
1197    1961    5 1 2 6 0 7 4 3 8
1197    1962    5 2 0 6 1 7 4 3 8
1198    1963    6 5 2 4 1 7 3 8 0
1199    1964    6 5 2 1 0 8 4 7 3
1199    1965    6 5 2 1 7 8 0 4 3
1200    1966    1 6 2 4 0 7 3 5 8
1200    1967    1 6 2 4 5 7 3 8 0
1201    1968    0 1 2 5 6 7 4 3 8
1201    1969    1 2 0 5 6 7 4 3 8
1202    1970    1 6 2 5 3 7 0 4 8
1202    1971    1 6 2 5 3 7 4 8 0
1203    1972    1 6 0 5 7 2 4 3 8
1203    1973    1 6 2 5 7 8 4 3 0
1204    1974    6 2 7 4 0 8 5 1 3
1204    1975    6 2 7 4 1 8 5 3 0
1205    1976    6 8 2 1 0 7 4 5 3
1205    1977    0 6 2 1 8 7 4 5 3
1206    1978    2 5 7 6 0 8 1 4 3
1206    1979    2 7 0 6 5 8 1 4 3
1207    1980    0 6 7 5 2 8 1 4 3
1207    1981    6 7 0 5 2 8 1 4 3
1208    1982    6 2 7 5 4 8 0 1 3
1208    1983    6 2 7 5 4 8 1 3 0
1209    1984    6 2 0 5 8 7 1 4 3
1209    1985    6 2 7 5 8 3 1 4 0
1210    1986    1 6 5 4 7 8 0 2 3
1210    1987    1 6 5 7 0 8 4 2 3
1211    1988    6 5 8 1 7 3 4 2 0
1211    1989    6 5 8 1 0 7 4 2 3
1212    1990    7 1 5 6 0 8 4 2 3
1212    1991    7 5 0 6 1 8 4 2 3
1213    1992    6 7 5 4 0 8 2 1 3
1213    1993    6 7 5 4 1 8 2 3 0
1214    1994    6 8 7 1 0 5 4 2 3
1214    1995    0 6 7 1 8 5 4 2 3
1215    1996    6 7 5 1 8 3 0 4 2
1216    1997    7 2 5 6 0 8 1 4 3
1216    1998    7 5 0 6 2 8 1 4 3
1217    1999    0 6 5 2 7 8 1 4 3
1217    2000    6 5 0 2 7 8 1 4 3
1218    2001    6 7 5 2 4 8 0 1 3
1218    2002    6 7 5 2 4 8 1 3 0
1219    2003    6 7 0 2 8 5 1 4 3
1219    2004    6 7 5 2 8 3 1 4 0
1220    2005    1 6 5 4 0 2 3 7 8
1220    2006    1 6 5 4 7 2 3 8 0
1221    2007    0 1 5 7 6 2 4 3 8
1221    2008    1 5 0 7 6 2 4 3 8
1222    2009    1 6 5 7 3 2 0 4 8
1222    2010    1 6 5 7 3 2 4 8 0
1223    2011    1 6 0 7 2 5 4 3 8
1223    2012    1 6 5 7 2 8 4 3 0
1224    2013    7 3 5 6 0 2 1 4 8
1224    2014    7 5 0 6 3 2 1 4 8
1225    2015    0 6 5 3 7 2 1 4 8
1225    2016    6 5 0 3 7 2 1 4 8
1226    2017    6 7 5 3 4 2 0 1 8
1226    2018    6 7 5 3 4 2 1 8 0
1227    2019    6 3 7 1 0 5 4 8 2
1227    2020    0 6 7 1 3 5 4 8 2
1228    2021    0 6 5 1 7 3 4 8 2
1228    2022    6 5 0 1 7 3 4 8 2
1229    2023    0 7 5 6 1 3 4 8 2
1229    2024    6 7 5 4 1 3 0 8 2
1230    2025    7 1 5 6 3 2 0 4 8
1230    2026    7 1 5 6 3 2 4 8 0
1231    2027    7 1 5 4 6 2 0 3 8
1232    2028    7 1 0 6 2 5 4 3 8
1232    2029    7 1 5 6 2 8 4 3 0
1233    2030    7 5 2 6 1 8 4 3 0
1233    2031    7 5 2 6 0 1 4 3 8
1234    2032    0 6 5 4 7 2 3 1 8
1234    2033    6 5 0 4 7 2 3 1 8
1235    2034    0 7 5 6 4 2 3 1 8
1236    2035    6 7 0 4 1 5 3 8 2
1236    2036    6 7 5 4 0 1 3 8 2
1237    2037    0 4 7 3 1 5 2 6 8
1237    2038    4 7 0 3 1 5 2 6 8
1238    2039    0 1 7 4 3 5 2 6 8
1238    2040    4 1 7 2 3 5 0 6 8
1239    2041    4 1 0 3 5 7 2 6 8
1239    2042    4 1 7 3 5 8 2 6 0
1240    2043    4 1 0 3 6 7 2 8 5
1240    2044    4 1 7 3 0 6 2 8 5
1241    2045    4 7 5 6 1 8 3 2 0
1241    2046    4 7 5 6 0 1 3 2 8
1242    2047    0 1 7 4 2 5 6 3 8
1242    2048    4 1 7 2 0 5 6 3 8
1243    2049    4 1 0 6 2 7 3 8 5
1244    2050    4 5 1 6 0 7 3 2 8
1244    2051    0 4 1 6 5 7 3 2 8
1245    2052    4 1 7 6 0 8 3 5 2
1245    2053    4 1 7 6 5 8 0 3 2
1246    2054    0 1 5 4 7 8 3 6 2
1246    2055    1 5 0 4 7 8 3 6 2
1247    2056    0 7 5 1 4 8 3 6 2
1247    2057    1 7 5 3 4 8 0 6 2
1248    2058    1 7 0 4 8 5 3 6 2
1249    2059    0 7 5 1 6 8 4 3 2
1249    2060    1 7 5 6 0 8 4 3 2
1250    2061    0 4 7 6 2 5 1 3 8
1250    2062    6 4 7 2 0 5 1 3 8
1251    2063    6 4 0 1 2 7 3 8 5
1252    2064    6 4 7 3 0 5 2 1 8
1252    2065    6 4 7 3 1 5 2 8 0
1253    2066    6 5 4 1 0 7 3 2 8
1253    2067    0 6 4 1 5 7 3 2 8
1254    2068    6 4 7 1 0 8 3 5 2
1254    2069    6 4 7 1 5 8 0 3 2
1255    2070    6 7 5 1 0 8 3 4 2
1255    2071    6 7 5 1 4 8 0 3 2
1256    2072    0 6 5 1 7 4 3 2 8
1256    2073    6 5 0 1 7 4 3 2 8
1257    2074    6 7 5 1 2 4 0 3 8
1257    2075    6 7 5 1 2 4 3 8 0
1258    2076    0 7 5 6 1 4 3 2 8
1258    2077    6 7 5 3 1 4 0 2 8
1259    2078    5 4 6 1 0 7 3 2 8
1259    2079    5 6 0 1 4 7 3 2 8
1260    2080    1 5 6 4 0 8 3 7 2
1260    2081    1 5 6 4 7 8 0 3 2
1261    2082    4 1 6 3 0 7 2 5 8
1261    2083    4 1 6 3 5 7 2 8 0
1262    2084    0 4 6 5 1 7 3 2 8
1262    2085    4 6 0 5 1 7 3 2 8
1263    2086    4 1 6 5 2 7 0 3 8
1263    2087    4 1 6 5 2 7 3 8 0
1264    2088    4 1 0 5 7 6 3 2 8
1264    2089    4 1 6 5 7 8 3 2 0
1265    2090    4 1 7 3 6 8 0 5 2
1266    2091    1 7 8 4 6 2 3 5 0
1266    2092    1 7 8 4 0 6 3 5 2
1267    2093    6 7 0 1 4 8 3 5 2
1268    2094    1 6 7 3 0 8 5 4 2
1268    2095    1 6 7 3 4 8 5 2 0
1269    2096    1 8 6 4 0 7 3 5 2
1269    2097    0 1 6 4 8 7 3 5 2
1270    2098    6 5 7 1 0 8 4 3 2
1270    2099    6 7 0 1 5 8 4 3 2
1271    2100    0 1 7 5 6 8 4 3 2
1271    2101    1 7 0 5 6 8 4 3 2
1272    2102    1 6 7 5 3 8 0 4 2
1272    2103    1 6 7 5 3 8 4 2 0
1273    2104    1 6 0 5 8 7 4 3 2
1273    2105    1 6 7 5 8 2 4 3 0
1274    2106    0 2 6 1 8 7 4 3 5
1274    2107    1 2 6 8 0 7 4 3 5
1275    2108    1 2 0 4 8 6 3 5 7
1275    2109    1 2 6 4 0 8 3 5 7
1276    2110    2 4 6 1 0 7 3 8 5
1276    2111    2 6 0 1 4 7 3 8 5
1277    2112    1 2 6 3 0 7 8 4 5
1277    2113    1 2 6 3 4 7 8 5 0
1278    2114    0 1 2 4 7 6 3 8 5
1279    2115    1 2 6 4 0 5 3 7 8
1279    2116    1 2 6 4 7 5 0 3 8
1280    2117    4 1 6 3 0 7 8 2 5
1280    2118    4 1 6 3 2 7 8 5 0
1281    2119    0 4 6 2 1 7 3 8 5
1281    2120    4 6 0 2 1 7 3 8 5
1282    2121    4 1 6 2 8 7 0 3 5
1282    2122    4 1 6 2 8 7 3 5 0
1283    2123    4 1 0 2 7 6 3 8 5
1283    2124    4 1 6 2 7 5 3 8 0
1284    2125    4 1 7 3 0 2 8 6 5
1284    2126    4 1 7 3 6 2 8 5 0
1285    2127    0 4 7 6 1 2 3 8 5
1285    2128    4 7 0 6 1 2 3 8 5
1286    2129    4 1 7 6 8 2 0 3 5
1286    2130    4 1 7 6 8 2 3 5 0
1287    2131    1 7 2 4 0 5 3 6 8
1287    2132    1 7 2 4 6 5 0 3 8
1288    2133    1 7 2 4 8 6 0 3 5
1288    2134    1 7 2 4 8 6 3 5 0
1289    2135    0 7 2 1 4 6 3 8 5
1289    2136    1 7 2 3 4 6 0 8 5
1290    2137    6 8 7 1 0 2 4 3 5
1290    2138    6 7 0 1 8 2 4 3 5
1291    2139    0 1 7 8 6 2 4 3 5
1291    2140    1 7 0 8 6 2 4 3 5
1292    2141    1 6 7 8 3 2 0 4 5
1292    2142    1 6 7 8 3 2 4 5 0
1293    2143    1 6 0 8 2 7 4 3 5
1293    2144    1 6 7 8 2 5 4 3 0
1294    2145    6 4 7 1 8 2 0 3 5
1294    2146    6 4 7 1 8 2 3 5 0
1295    2147    6 4 7 3 1 2 0 8 5
1296    2148    6 7 2 1 4 5 3 8 0
1296    2149    6 7 2 1 0 4 3 8 5
1297    2150    0 1 7 3 6 2 8 4 5
1297    2151    1 7 0 3 6 2 8 4 5
1298    2152    0 6 7 1 3 2 8 4 5
1299    2153    1 6 0 3 2 7 8 4 5
1299    2154    1 6 7 3 2 5 8 4 0
1300    2155    1 6 0 3 4 7 8 5 2
1300    2156    1 6 7 3 0 4 8 5 2
1301    2157    5 3 6 1 4 7 0 2 8
1301    2158    5 3 6 1 4 7 2 8 0
1302    2159    5 3 6 2 1 7 0 4 8
1303    2160    5 3 0 1 7 6 2 4 8
1303    2161    5 3 6 1 7 8 2 4 0
1304    2162    5 6 7 1 3 8 2 4 0
1304    2163    5 6 7 1 0 3 2 4 8
1305    2164    1 3 5 2 8 6 0 4 7
1305    2165    1 3 5 2 8 6 4 7 0
1306    2166    0 3 5 1 2 6 4 8 7
1306    2167    1 3 5 4 2 6 0 8 7
1307    2168    1 3 0 2 6 5 4 8 7
1307    2169    1 3 5 2 6 7 4 8 0
1308    2170    2 1 5 4 3 6 0 8 7
1308    2171    2 1 5 3 0 6 4 8 7
1309    2172    2 1 6 4 5 3 0 8 7
1310    2173    1 6 3 2 5 7 4 8 0
1310    2174    1 6 3 2 0 5 4 8 7
1311    2175    0 5 6 1 8 3 2 4 7
1311    2176    1 5 6 8 0 3 2 4 7
1312    2177    5 2 6 1 0 3 4 8 7
1312    2178    5 6 0 1 2 3 4 8 7
1313    2179    1 5 6 4 0 3 8 2 7
1313    2180    1 5 6 4 2 3 8 7 0
1314    2181    0 2 6 5 3 7 1 4 8
1314    2182    5 2 6 3 0 7 1 4 8
1315    2183    5 2 0 1 3 6 4 8 7
1316    2184    5 2 6 4 0 7 3 1 8
1316    2185    5 2 6 4 1 7 3 8 0
1317    2186    5 7 2 1 0 6 4 3 8
1317    2187    0 5 2 1 7 6 4 3 8
1318    2188    5 2 6 1 0 8 4 7 3
1318    2189    5 2 6 1 7 8 0 4 3
1319    2190    5 6 7 1 0 8 4 2 3
1319    2191    5 6 7 1 2 8 0 4 3
1320    2192    0 5 7 1 6 2 4 3 8
1320    2193    5 7 0 1 6 2 4 3 8
1321    2194    5 6 7 1 3 2 0 4 8
1321    2195    5 6 7 1 3 2 4 8 0
1322    2196    0 6 7 5 1 2 4 3 8
1322    2197    5 6 7 4 1 2 0 3 8
1323    2198    1 2 5 4 0 6 3 8 7
1323    2199    0 1 5 4 2 6 3 8 7
1324    2200    0 1 6 4 5 2 3 8 7
1324    2201    1 6 0 4 5 2 3 8 7
1325    2202    1 5 6 4 8 2 0 3 7
1325    2203    1 5 6 4 8 2 3 7 0
1326    2204    0 5 6 1 4 2 3 8 7
1326    2205    1 5 6 3 4 2 0 8 7
1327    2206    2 1 6 4 5 8 0 7 3
1328    2207    1 6 8 2 5 3 4 7 0
1328    2208    1 6 8 2 0 5 4 7 3
1329    2209    5 6 0 1 2 8 4 7 3
1330    2210    1 5 6 4 0 8 7 2 3
1330    2211    1 5 6 4 2 8 7 3 0
1331    2212    1 8 5 2 0 6 4 7 3
1331    2213    0 1 5 2 8 6 4 7 3
1332    2214    5 7 6 1 0 8 2 4 3
1332    2215    5 6 0 1 7 8 2 4 3
1333    2216    0 1 6 7 5 8 2 4 3
1333    2217    1 6 0 7 5 8 2 4 3
1334    2218    1 5 6 7 4 8 0 2 3
1334    2219    1 5 6 7 4 8 2 3 0
1335    2220    1 5 0 7 8 6 2 4 3
1335    2221    1 5 6 7 8 3 2 4 0
1336    2222    4 2 6 3 1 7 0 5 8
1336    2223    4 2 6 1 0 7 3 5 8
1337    2224    2 6 7 4 1 8 3 5 0
1337    2225    2 6 7 4 0 1 3 5 8
1338    2226    1 4 6 2 0 7 3 5 8
1338    2227    1 6 0 2 4 7 3 5 8
1339    2228    2 1 6 3 4 7 5 8 0
1340    2229    2 7 1 4 0 6 3 5 8
1340    2230    0 2 1 4 7 6 3 5 8
1341    2231    2 1 6 4 0 8 3 7 5
1341    2232    2 1 6 4 7 8 0 3 5
1342    2233    2 5 1 4 0 6 3 8 7
1342    2234    0 2 1 4 5 6 3 8 7
1343    2235    0 2 6 4 1 5 3 8 7
1343    2236    2 6 0 4 1 5 3 8 7
1344    2237    2 1 6 4 8 5 0 3 7
1344    2238    2 1 6 4 8 5 3 7 0
1345    2239    0 1 6 2 4 5 3 8 7
1345    2240    2 1 6 3 4 5 0 8 7
1346    2241    2 6 7 5 0 8 4 1 3
1346    2242    2 6 7 5 1 8 0 4 3
1347    2243    0 2 7 5 6 1 4 3 8
1347    2244    2 7 0 5 6 1 4 3 8
1348    2245    2 6 7 5 3 1 0 4 8
1348    2246    2 6 7 5 3 1 4 8 0
1349    2247    0 6 7 2 5 1 4 3 8
1349    2248    2 6 7 4 5 1 0 3 8
1350    2249    1 3 6 2 0 7 5 4 8
1350    2250    1 6 0 2 3 7 5 4 8
1351    2251    0 2 6 3 1 7 5 4 8
1351    2252    2 6 0 3 1 7 5 4 8
1352    2253    2 1 0 3 7 6 5 4 8
1352    2254    2 1 6 3 7 8 5 4 0
1353    2255    2 3 1 5 0 6 4 8 7
1353    2256    0 2 1 5 3 6 4 8 7
1354    2257    0 2 6 5 1 3 4 8 7
1354    2258    2 6 0 5 1 3 4 8 7
1355    2259    2 1 6 5 8 3 0 4 7
1355    2260    2 1 6 5 8 3 4 7 0
1356    2261    2 7 1 5 3 6 0 4 8
1356    2262    2 7 1 5 3 6 4 8 0
1357    2263    0 7 1 2 5 6 4 3 8
1357    2264    2 7 1 4 5 6 0 3 8
1358    2265    2 7 1 5 6 8 4 3 0
1359    2266    5 2 1 4 7 6 0 3 8
1359    2267    5 2 1 7 0 6 4 3 8
1360    2268    0 2 6 5 1 8 4 7 3
1360    2269    2 6 0 5 1 8 4 7 3
1361    2270    2 1 0 5 8 6 4 7 3
1362    2271    0 1 6 2 7 8 5 4 3
1362    2272    2 1 6 7 0 8 5 4 3
1363    2273    0 2 7 4 1 8 5 6 3
1363    2274    2 7 0 4 1 8 5 6 3
1364    2275    0 1 7 2 4 8 5 6 3
1365    2276    2 1 0 4 8 7 5 6 3
1365    2277    2 1 7 4 8 3 5 6 0
1366    2278    2 1 0 4 6 7 5 3 8
1366    2279    2 1 7 4 0 6 5 3 8
1367    2280    0 1 8 2 7 3 4 6 5
1367    2281    1 8 0 2 7 3 4 6 5
1368    2282    0 7 8 1 2 3 4 6 5
1368    2283    1 7 8 4 2 3 0 6 5
1369    2284    1 7 0 2 3 8 4 6 5
1369    2285    1 7 8 2 3 5 4 6 0
1370    2286    0 7 8 1 6 3 2 4 5
1370    2287    1 7 8 6 0 3 2 4 5
1371    2288    2 1 8 4 7 6 0 5 3
1371    2289    2 1 8 7 0 6 4 5 3
1372    2290    0 7 8 1 5 6 2 4 3
1373    2291    1 7 0 2 5 8 4 3 6
1373    2292    1 7 8 2 0 5 4 3 6
1374    2293    7 2 8 1 0 6 4 5 3
1374    2294    7 8 0 1 2 6 4 5 3
1375    2295    1 7 8 4 0 6 5 2 3
1375    2296    1 7 8 4 2 6 5 3 0
1376    2297    6 7 8 1 0 3 4 2 5
1376    2298    6 7 8 1 2 3 0 4 5
1377    2299    0 6 8 1 7 2 4 5 3
1377    2300    6 8 0 1 7 2 4 5 3
1378    2301    6 7 8 1 5 2 0 4 3
1378    2302    6 7 8 1 5 2 4 3 0
1379    2303    0 7 8 6 1 2 4 5 3
1379    2304    6 7 8 4 1 2 0 5 3
1380    2305    4 1 7 5 6 8 0 2 3
1380    2306    4 1 7 6 0 8 5 2 3
1381    2307    1 7 8 4 6 3 5 2 0
1382    2308    6 4 7 1 0 8 5 2 3
1382    2309    6 7 0 1 4 8 5 2 3
1383    2310    1 8 6 4 0 7 5 2 3
1383    2311    0 1 6 4 8 7 5 2 3
1384    2312    1 6 7 4 0 3 5 8 2
1384    2313    1 6 7 4 8 3 0 5 2
1385    2314    1 2 6 4 0 7 5 3 8
1385    2315    0 1 6 4 2 7 5 3 8
1386    2316    0 1 7 4 6 2 5 3 8
1386    2317    1 7 0 4 6 2 5 3 8
1387    2318    1 6 7 4 3 2 0 5 8
1387    2319    1 6 7 4 3 2 5 8 0
1388    2320    0 6 7 1 4 2 5 3 8
1388    2321    1 6 7 5 4 2 0 3 8
1389    2322    0 8 6 1 5 7 2 4 3
1390    2323    1 8 0 2 5 6 4 3 7
1390    2324    1 8 6 2 0 5 4 3 7
1391    2325    8 2 6 1 0 7 4 5 3
1391    2326    8 6 0 1 2 7 4 5 3
1392    2327    1 8 6 4 2 7 5 3 0
1393    2328    1 8 6 2 0 3 4 7 5
1393    2329    1 8 6 2 7 3 0 4 5
1394    2330    2 1 6 4 0 7 5 8 3
1394    2331    2 1 6 4 8 7 5 3 0
1395    2332    0 2 6 8 1 7 4 5 3
1395    2333    2 6 0 8 1 7 4 5 3
1396    2334    2 1 6 8 5 7 0 4 3
1396    2335    2 1 6 8 5 7 4 3 0
1397    2336    2 1 0 8 7 6 4 5 3
1397    2337    2 1 6 8 7 3 4 5 0
1398    2338    0 5 7 6 4 8 1 2 3
1398    2339    6 5 7 4 0 8 1 2 3
1399    2340    6 5 0 1 4 7 2 3 8
1399    2341    6 5 7 1 0 4 2 3 8
1400    2342    5 7 0 6 1 8 2 4 3
1401    2343    6 5 7 2 0 8 4 1 3
1401    2344    6 5 7 2 1 8 4 3 0
1402    2345    6 8 5 1 0 7 2 4 3
1402    2346    0 6 5 1 8 7 2 4 3
1403    2347    6 5 7 1 0 3 2 8 4
1403    2348    6 5 7 1 8 3 0 2 4
1404    2349    6 7 8 1 0 3 2 5 4
1404    2350    6 7 8 1 5 3 0 2 4
1405    2351    0 6 8 1 7 5 2 4 3
1405    2352    6 8 0 1 7 5 2 4 3
1406    2353    6 7 8 1 4 5 0 2 3
1406    2354    6 7 8 1 4 5 2 3 0
1407    2355    0 7 8 6 1 5 2 4 3
1407    2356    6 7 8 2 1 5 0 4 3
1408    2357    5 1 7 2 0 8 4 6 3
1408    2358    5 1 7 2 6 8 4 3 0
1409    2359    5 1 7 6 4 8 0 2 3
1409    2360    5 1 7 6 4 8 2 3 0
1410    2361    5 1 0 6 8 7 2 4 3
1410    2362    5 1 7 6 8 3 2 4 0
1411    2363    1 7 8 5 0 3 2 6 4
1411    2364    1 7 8 5 6 3 0 2 4
1412    2365    0 1 8 5 7 6 2 4 3
1412    2366    1 8 0 5 7 6 2 4 3
1413    2367    1 7 8 5 4 6 0 2 3
1413    2368    1 7 8 5 4 6 2 3 0
1414    2369    1 4 6 5 0 7 2 3 8
1414    2370    0 1 6 5 4 7 2 3 8
1415    2371    0 1 7 5 6 4 2 3 8
1415    2372    1 7 0 5 6 4 2 3 8
1416    2373    1 6 7 5 3 4 0 2 8
1416    2374    1 6 7 5 3 4 2 8 0
1417    2375    0 6 7 1 5 4 2 3 8
1417    2376    1 6 7 2 5 4 0 3 8
1418    2377    1 8 6 5 4 7 0 2 3
1418    2378    1 8 6 5 4 7 2 3 0
1419    2379    1 8 6 5 7 3 2 4 0
1420    2380    5 1 6 2 8 7 0 4 3
1420    2381    5 1 6 8 0 7 2 4 3
1421    2382    0 1 7 5 6 3 2 8 4
1421    2383    1 7 0 5 6 3 2 8 4
1422    2384    0 6 7 1 5 3 2 8 4
1422    2385    1 6 7 2 5 3 0 8 4
1423    2386    1 6 0 5 3 7 2 8 4
1424    2387    0 6 7 1 8 3 5 2 4
1424    2388    1 6 7 8 0 3 5 2 4
1425    2389    4 0 7 3 2 5 6 1 8
1425    2390    4 2 7 0 3 5 6 1 8
1425    2391    4 2 7 3 5 0 6 1 8
1426    2392    4 2 7 3 1 0 6 8 5
1428    2393    4 7 5 1 2 0 3 6 8
1429    2394    4 2 7 0 6 5 1 3 8
1430    2395    4 2 7 1 6 0 3 8 5
1431    2396    4 0 2 1 5 7 3 6 8
1432    2397    4 2 7 1 5 8 3 0 6
1433    2398    2 0 5 4 7 8 3 1 6
1433    2399    2 7 5 0 4 8 3 1 6
1433    2400    2 7 5 4 8 0 3 1 6
1434    2401    2 7 5 0 1 8 4 3 6
1435    2402    4 2 5 0 7 1 3 6 8
1437    2403    2 7 5 4 6 0 3 8 1
1438    2404    7 0 5 2 4 1 3 6 8
1439    2405    2 7 5 3 4 1 6 0 8
1440    2406    1 4 7 0 6 5 2 3 8
1441    2407    1 4 7 2 6 0 3 8 5
1442    2408    1 4 7 3 2 5 6 0 8
1443    2409    1 0 4 2 5 7 3 6 8
1444    2410    1 4 7 2 5 8 3 0 6
